Device address	Device ID	Factory Device ID	Firmware	Measurement mode	Gain	Speed	Y_AH_Cal (-)	TF_Cal (V/W)	Temp_Cal (°C)																																				
FF47	D3	12J691	 C3.8	H2   	1.000	Norm 	 0.995544	20.464394	29.717340																																				
Iteration	Time	Output (%)	Transfer (V/W)	Tsens (°C)	RH (%)	AH (kPa)	Corr transfer (-)	Utp (mV)	Ih (mA)	Uh (mV)	Ph (mW)	Usyst (V)	Alarm																																
0	13:49:29.85	0.0325	20.49880	25.98	39.27	1.3	0.999378	19.9205	1.24932	777.86	0.97179	3.28	0
1	13:49:30.56	0.0330	20.49873	25.97	39.27	1.3	0.999372	19.9200	1.24928	777.86	0.97177	3.28	0
2	13:49:30.64	0.0335	20.49859	25.97	39.27	1.3	0.999366	19.9202	1.24932	777.86	0.97178	3.28	0
3	13:49:30.89	0.0330	20.49873	25.97	39.27	1.3	0.999372	19.9205	1.24932	777.86	0.97180	3.28	0
4	13:49:31.19	0.0335	20.49859	25.97	39.27	1.3	0.999366	19.9212	1.24936	777.88	0.97184	3.28	0
5	13:49:31.49	0.0330	20.49873	25.97	39.27	1.3	0.999372	19.9212	1.24932	777.88	0.97182	3.28	0
6	13:49:31.79	0.0320	20.49901	25.97	39.27	1.3	0.999384	19.9208	1.24932	777.86	0.97180	3.28	0
7	13:49:32.09	0.0335	20.49852	25.97	39.27	1.3	0.999360	19.9202	1.24932	777.86	0.97178	3.28	0
8	13:49:32.39	0.0340	20.49838	25.97	39.27	1.3	0.999354	19.9212	1.24932	777.88	0.97184	3.28	0
9	13:49:32.69	0.0330	20.49873	25.97	39.27	1.3	0.999372	19.9211	1.24932	777.88	0.97182	3.28	0
10	13:49:32.99	0.0335	20.49852	25.97	39.27	1.3	0.999360	19.9208	1.24932	777.86	0.97181	3.28	0
11	13:49:33.29	0.0335	20.49838	25.98	39.27	1.3	0.999360	19.9211	1.24932	777.88	0.97184	3.28	0
12	13:49:33.59	0.0330	20.49866	25.98	39.27	1.3	0.999372	19.9214	1.24932	777.88	0.97184	3.28	0
13	13:49:33.89	0.0335	20.49845	25.98	39.27	1.3	0.999360	19.9212	1.24932	777.88	0.97184	3.28	0
14	13:49:34.19	0.0325	20.49887	25.98	39.27	1.3	0.999384	19.9204	1.24928	777.86	0.97178	3.28	0
15	13:49:34.49	0.0330	20.49859	25.98	39.27	1.3	0.999366	19.9211	1.24932	777.88	0.97183	3.28	0
16	13:49:34.79	0.0310	20.49950	25.98	39.27	1.3	0.999414	19.9207	1.24928	777.86	0.97177	3.28	0
17	13:49:35.09	0.3395	20.37784	25.98	39.27	1.3	0.993480	19.8008	1.24928	777.78	0.97169	3.28	0
18	13:49:35.39	1.9870	19.70073	25.98	39.27	1.3	0.960468	19.1350	1.24932	777.44	0.97128	3.28	0
19	13:49:35.69	5.1040	18.52879	25.97	39.27	1.3	0.903330	17.9833	1.24932	776.88	0.97056	3.28	0
20	13:49:35.99	8.7950	17.28370	25.97	39.27	1.3	0.842628	16.7619	1.24932	776.26	0.96981	3.28	0
21	13:49:36.29	12.3660	16.15978	25.98	39.27	1.3	0.787836	15.6606	1.24932	775.70	0.96911	3.28	0
22	13:49:36.59	15.7830	15.19280	25.98	39.17	1.3	0.740688	14.7146	1.24936	775.22	0.96853	3.28	0
23	13:49:36.89	18.9325	14.37478	25.97	39.17	1.3	0.700806	13.9149	1.24936	774.80	0.96801	3.28	0
24	13:49:37.19	21.8010	13.67569	25.97	38.93	1.3	0.666714	13.2323	1.24936	774.46	0.96757	3.28	0
25	13:49:37.49	24.4330	13.07516	25.97	38.93	1.3	0.637434	12.6456	1.24936	774.12	0.96715	3.28	0
26	13:49:37.79	26.8190	12.56073	25.97	38.53	1.3	0.612336	12.1437	1.24936	773.84	0.96680	3.28	0
27	13:49:38.09	28.9535	12.12036	25.97	38.53	1.3	0.590868	11.7139	1.24936	773.58	0.96647	3.28	0
28	13:49:38.39	30.8815	11.73900	25.97	38.10	1.3	0.572262	11.3427	1.24936	773.38	0.96624	3.28	0
29	13:49:38.69	32.6055	11.40979	25.97	38.10	1.3	0.556212	11.0221	1.24936	773.22	0.96602	3.28	0
30	13:49:38.99	34.1525	11.12377	25.97	37.59	1.3	0.542250	10.7431	1.24936	773.02	0.96578	3.28	0
31	13:49:39.29	35.5460	10.87401	25.97	37.59	1.3	0.530070	10.5001	1.24936	772.88	0.96562	3.28	0
32	13:49:39.59	36.8095	10.65414	25.97	37.06	1.2	0.519330	10.2861	1.24936	772.76	0.96546	3.28	0
33	13:49:39.89	37.9375	10.46045	25.97	37.06	1.2	0.509892	10.0980	1.24936	772.66	0.96535	3.28	0
34	13:49:40.19	38.9625	10.29021	25.97	36.63	1.2	0.501576	9.9323	1.24940	772.56	0.96522	3.28	0
35	13:49:40.49	39.8670	10.13985	25.97	36.63	1.2	0.494250	9.7860	1.24940	772.46	0.96511	3.28	0
36	13:49:40.79	40.6975	10.00650	25.97	36.23	1.2	0.487734	9.6564	1.24940	772.38	0.96502	3.28	0
37	13:49:41.09	41.4380	9.88799	25.97	36.23	1.2	0.481956	9.5415	1.24944	772.32	0.96495	3.28	0
38	13:49:41.39	42.0920	9.78418	25.97	35.86	1.2	0.476886	9.4400	1.24936	772.24	0.96482	3.28	0
39	13:49:41.69	42.6915	9.69164	25.97	35.86	1.2	0.472374	9.3507	1.24940	772.22	0.96482	3.28	0
40	13:49:41.99	43.2155	9.61107	25.97	35.53	1.2	0.468432	9.2719	1.24940	772.14	0.96472	3.28	0
41	13:49:42.29	43.6660	9.54156	25.97	35.53	1.2	0.465048	9.2040	1.24940	772.08	0.96463	3.28	0
42	13:49:42.59	44.0685	9.48003	25.97	35.23	1.2	0.462036	9.1447	1.24940	772.06	0.96463	3.28	0
43	13:49:42.89	44.4155	9.42816	25.97	35.23	1.2	0.459510	9.0941	1.24940	772.04	0.96457	3.28	0
44	13:49:43.19	44.7080	9.38476	25.97	34.96	1.2	0.457386	9.0518	1.24936	772.00	0.96452	3.28	0
45	13:49:43.49	44.9390	9.35025	25.97	34.96	1.2	0.455700	9.0182	1.24936	771.98	0.96449	3.28	0
46	13:49:43.79	45.1285	9.32204	25.97	34.79	1.2	0.454320	8.9907	1.24936	771.96	0.96445	3.28	0
47	13:49:44.09	45.2930	9.29747	25.97	34.79	1.2	0.453126	8.9672	1.24940	771.94	0.96447	3.28	0
48	13:49:44.39	45.4395	9.27577	25.97	34.60	1.2	0.452058	8.9459	1.24940	771.94	0.96444	3.28	0
49	13:49:44.69	45.5665	9.25673	25.97	34.60	1.2	0.451134	8.9273	1.24936	771.92	0.96442	3.28	0
50	13:49:44.99	45.6775	9.24028	25.97	34.43	1.2	0.450324	8.9114	1.24936	771.92	0.96440	3.28	0
51	13:49:45.29	45.7710	9.22635	25.97	34.43	1.2	0.449646	8.8978	1.24936	771.90	0.96439	3.28	0
52	13:49:45.59	45.8550	9.21389	25.97	34.33	1.1	0.449034	8.8858	1.24940	771.88	0.96439	3.28	0
53	13:49:45.89	45.9220	9.20388	25.97	34.33	1.1	0.448548	8.8761	1.24940	771.88	0.96439	3.28	0
54	13:49:46.19	45.9775	9.19569	25.97	34.19	1.1	0.448140	8.8682	1.24940	771.88	0.96439	3.28	0
55	13:49:46.49	46.0245	9.18883	25.97	34.19	1.1	0.447810	8.8612	1.24936	771.86	0.96434	3.28	0
56	13:49:46.79	46.0670	9.18267	25.97	34.12	1.1	0.447510	8.8556	1.24940	771.88	0.96437	3.28	0
57	13:49:47.09	46.1085	9.17672	25.97	34.12	1.1	0.447216	8.8493	1.24936	771.86	0.96432	3.28	0
58	13:49:47.39	46.1850	9.16580	25.97	34.06	1.1	0.446682	8.8384	1.24936	771.84	0.96429	3.28	0
59	13:49:47.69	46.6940	9.09244	25.97	34.06	1.1	0.443106	8.7677	1.24940	771.80	0.96429	3.28	0
60	13:49:47.99	47.4530	8.98310	25.97	33.99	1.1	0.437778	8.6617	1.24940	771.74	0.96421	3.28	0
61	13:49:48.29	48.2610	8.86788	25.97	33.99	1.1	0.432162	8.5498	1.24940	771.68	0.96413	3.28	0
62	13:49:48.59	48.9925	8.76589	25.97	33.89	1.1	0.427188	8.4505	1.24936	771.60	0.96401	3.28	0
63	13:49:48.89	49.5125	8.69337	25.96	33.89	1.1	0.423654	8.3805	1.24940	771.56	0.96400	3.28	0
64	13:49:49.19	49.8760	8.64269	25.96	33.70	1.1	0.421176	8.3308	1.24936	771.52	0.96391	3.28	0
65	13:49:49.49	50.0870	8.61392	25.97	33.70	1.1	0.419778	8.3034	1.24940	771.52	0.96394	3.28	0
66	13:49:49.79	50.1300	8.60860	25.97	33.26	1.1	0.419502	8.2981	1.24940	771.52	0.96393	3.28	0
67	13:49:50.09	49.9960	8.62624	25.97	33.26	1.1	0.420360	8.3151	1.24940	771.52	0.96393	3.28	0
68	13:49:50.39	49.8565	8.64626	25.97	32.55	1.1	0.421314	8.3350	1.24940	771.56	0.96400	3.28	0
69	13:49:50.69	49.7295	8.66390	25.97	32.55	1.1	0.422178	8.3516	1.24936	771.54	0.96395	3.28	0
70	13:49:50.99	49.5430	8.69043	25.97	31.83	1.1	0.423444	8.3775	1.24940	771.56	0.96398	3.28	0
71	13:49:51.29	49.4160	8.70814	25.97	31.83	1.1	0.424308	8.3947	1.24940	771.58	0.96400	3.28	0
72	13:49:51.59	49.4380	8.70562	25.97	31.03	1.0	0.424158	8.3922	1.24940	771.58	0.96399	3.28	0
73	13:49:51.89	49.3690	8.71528	25.97	31.03	1.0	0.424626	8.4014	1.24936	771.58	0.96398	3.28	0
74	13:49:52.19	49.3960	8.71199	25.97	30.28	1.0	0.424446	8.3983	1.24940	771.58	0.96399	3.28	0
75	13:49:52.49	49.2765	8.72872	25.97	30.28	1.0	0.425256	8.4148	1.24940	771.60	0.96404	3.28	0
76	13:49:52.79	49.0710	8.75777	25.97	29.61	1.0	0.426654	8.4429	1.24940	771.60	0.96404	3.28	0
77	13:49:53.09	48.8595	8.78731	25.97	29.61	1.0	0.428094	8.4718	1.24940	771.64	0.96410	3.28	0
78	13:49:53.39	48.5395	8.83246	25.97	29.05	1.0	0.430272	8.5156	1.24940	771.66	0.96412	3.28	0
79	13:49:53.69	48.3130	8.86403	25.97	29.05	1.0	0.431808	8.5462	1.24940	771.70	0.96415	3.28	0
80	13:49:53.99	47.9585	8.91408	25.97	28.57	1.0	0.434232	8.5947	1.24940	771.72	0.96417	3.28	0
81	13:49:54.29	47.4220	8.99143	25.97	28.57	1.0	0.438000	8.6695	1.24936	771.74	0.96420	3.28	0
82	13:49:54.59	46.8505	9.07403	25.97	28.17	0.9	0.442008	8.7501	1.24936	771.82	0.96430	3.28	0
83	13:49:54.89	46.2920	9.15446	25.97	28.17	0.9	0.445926	8.8281	1.24936	771.86	0.96435	3.28	0
84	13:49:55.19	46.3440	9.14725	25.97	27.85	0.9	0.445566	8.8207	1.24936	771.84	0.96431	3.28	0
85	13:49:55.49	46.4750	9.12835	25.97	27.85	0.9	0.444642	8.8024	1.24936	771.82	0.96428	3.28	0
86	13:49:55.79	46.6430	9.10434	25.97	27.62	0.9	0.443466	8.7791	1.24936	771.82	0.96428	3.28	0
87	13:49:56.09	46.4025	9.13899	25.96	27.62	0.9	0.445152	8.8134	1.24940	771.86	0.96437	3.28	0
88	13:49:56.39	45.8800	9.21508	25.96	27.38	0.9	0.448854	8.8871	1.24940	771.90	0.96440	3.28	0
89	13:49:56.69	45.1630	9.32218	25.97	27.38	0.9	0.454068	8.9912	1.24940	771.98	0.96449	3.28	0
90	13:49:56.99	44.5495	9.41402	25.97	27.22	0.9	0.458538	9.0803	1.24936	772.02	0.96455	3.28	0
91	13:49:57.29	43.7600	9.53316	25.97	27.22	0.9	0.464340	9.1960	1.24936	772.10	0.96464	3.28	0
92	13:49:57.59	42.4845	9.73014	25.97	27.10	0.9	0.473934	9.3875	1.24936	772.22	0.96478	3.28	0
93	13:49:57.89	40.5715	10.03366	25.97	27.10	0.9	0.488712	9.6825	1.24936	772.40	0.96500	3.28	0
94	13:49:58.19	39.1085	10.27348	25.97	27.02	0.9	0.500394	9.9161	1.24936	772.56	0.96521	3.28	0
95	13:49:58.49	38.2350	10.41880	25.97	27.02	0.9	0.507468	10.0567	1.24932	772.60	0.96524	3.28	0
96	13:49:58.79	37.9360	10.46885	25.97	27.02	0.9	0.509904	10.1060	1.24936	772.66	0.96534	3.28	0
97	13:49:59.09	37.3890	10.56279	25.97	27.02	0.9	0.514482	10.1972	1.24936	772.72	0.96539	3.28	0
98	13:49:59.39	36.3780	10.73632	25.97	27.18	0.9	0.522942	10.3667	1.24940	772.84	0.96557	3.28	0
99	13:49:59.69	35.0340	10.97453	25.97	27.18	0.9	0.534546	10.5990	1.24940	773.00	0.96578	3.28	0
100	13:49:59.99	33.5575	11.24221	25.97	27.38	0.9	0.547590	10.8593	1.24940	773.14	0.96594	3.28	0
101	13:50:00.29	33.0685	11.33300	25.97	27.38	0.9	0.552012	10.9472	1.24936	773.16	0.96596	3.28	0
102	13:50:00.59	33.5075	11.25117	25.97	27.62	0.9	0.548040	10.8676	1.24936	773.12	0.96591	3.28	0
103	13:50:00.89	34.2250	11.11936	25.97	27.62	0.9	0.541614	10.7394	1.24940	773.04	0.96583	3.28	0
104	13:50:01.19	33.8820	11.18138	25.97	27.85	0.9	0.544650	10.7999	1.24936	773.08	0.96588	3.28	0
105	13:50:01.49	32.5060	11.43716	25.97	27.85	0.9	0.557106	11.0492	1.24936	773.24	0.96608	3.28	0
106	13:50:01.79	31.2330	11.67978	25.97	28.13	0.9	0.568938	11.2855	1.24936	773.38	0.96625	3.28	0
107	13:50:02.09	30.2935	11.86199	25.98	28.13	0.9	0.577812	11.4633	1.24936	773.50	0.96638	3.28	0
108	13:50:02.39	29.8850	11.94179	25.98	28.42	1.0	0.581718	11.5410	1.24940	773.52	0.96644	3.28	0
109	13:50:02.69	29.4035	12.03895	25.97	28.42	1.0	0.586446	11.6357	1.24936	773.60	0.96650	3.28	0
110	13:50:02.99	28.5995	12.20093	25.97	28.65	1.0	0.594348	11.7940	1.24940	773.70	0.96665	3.28	0
111	13:50:03.29	27.9890	12.32406	25.97	28.65	1.0	0.600348	11.9136	1.24936	773.74	0.96670	3.28	0
112	13:50:03.59	27.8435	12.35430	25.97	29.01	1.0	0.601836	11.9430	1.24936	773.76	0.96671	3.28	0
113	13:50:03.89	27.7840	12.36690	25.97	29.01	1.0	0.602448	11.9558	1.24940	773.78	0.96676	3.28	0
114	13:50:04.19	27.5660	12.41240	25.97	29.32	1.0	0.604680	12.0002	1.24940	773.80	0.96680	3.28	0
115	13:50:04.49	27.6370	12.39749	25.97	29.32	1.0	0.603954	11.9855	1.24940	773.78	0.96677	3.28	0
116	13:50:04.79	27.8985	12.34226	25.97	29.57	1.0	0.601272	11.9318	1.24940	773.76	0.96674	3.28	0
117	13:50:05.09	27.8610	12.35010	25.97	29.57	1.0	0.601656	11.9391	1.24936	773.76	0.96672	3.28	0
118	13:50:05.39	28.2390	12.27233	25.97	29.88	1.0	0.597882	11.8638	1.24940	773.74	0.96671	3.28	0
119	13:50:05.69	28.1560	12.28913	25.97	29.88	1.0	0.598698	11.8798	1.24940	773.74	0.96670	3.28	0
120	13:50:05.99	27.4225	12.44187	25.97	30.13	1.0	0.606156	12.0289	1.24936	773.82	0.96680	3.28	0
121	13:50:06.29	26.8165	12.56941	25.97	30.13	1.0	0.612366	12.1533	1.24940	773.90	0.96689	3.28	0
122	13:50:06.59	26.5885	12.61729	25.97	30.28	1.0	0.614706	12.1992	1.24936	773.90	0.96686	3.28	0
123	13:50:06.89	26.5675	12.62163	25.97	30.28	1.0	0.614922	12.2046	1.24940	773.94	0.96696	3.28	0
124	13:50:07.19	26.3105	12.67553	25.97	30.44	1.0	0.617550	12.2566	1.24936	773.96	0.96695	3.28	0
125	13:50:07.49	25.7985	12.78501	25.97	30.44	1.0	0.622884	12.3632	1.24936	774.00	0.96701	3.28	0
126	13:50:07.79	25.3780	12.87671	25.97	30.68	1.0	0.627366	12.4526	1.24936	774.06	0.96706	3.28	0
127	13:50:08.09	25.1885	12.91822	25.97	30.68	1.0	0.629388	12.4934	1.24936	774.08	0.96712	3.28	0
128	13:50:08.39	25.3520	12.88231	25.97	30.80	1.0	0.627642	12.4578	1.24936	774.04	0.96704	3.28	0
129	13:50:08.69	25.6610	12.81469	25.97	30.80	1.0	0.624348	12.3922	1.24940	774.02	0.96704	3.28	0
130	13:50:08.99	25.9510	12.75106	25.97	31.03	1.0	0.621264	12.3301	1.24936	773.98	0.96698	3.28	0
131	13:50:09.29	25.9895	12.74259	25.97	31.03	1.0	0.620850	12.3222	1.24940	773.98	0.96701	3.28	0
132	13:50:09.59	25.8855	12.76527	25.97	31.16	1.0	0.621960	12.3437	1.24936	773.98	0.96697	3.28	0
133	13:50:09.89	25.5975	12.82820	25.97	31.16	1.0	0.625026	12.4057	1.24936	774.04	0.96707	3.28	0
134	13:50:10.19	25.3675	12.87846	25.97	31.24	1.0	0.627474	12.4541	1.24936	774.04	0.96705	3.28	0
135	13:50:10.49	25.4250	12.86593	25.97	31.24	1.0	0.626868	12.4421	1.24936	774.04	0.96706	3.28	0
136	13:50:10.79	25.5910	12.82939	25.97	31.39	1.1	0.625092	12.4064	1.24936	774.02	0.96703	3.28	0
137	13:50:11.09	25.7720	12.78991	25.97	31.39	1.1	0.623172	12.3675	1.24936	773.98	0.96697	3.28	0
138	13:50:11.39	25.9260	12.75603	25.97	31.48	1.1	0.621522	12.3350	1.24936	773.98	0.96699	3.28	0
139	13:50:11.69	25.7840	12.78711	25.97	31.48	1.1	0.623034	12.3653	1.24936	774.00	0.96701	3.28	0
140	13:50:11.99	25.4245	12.86565	25.97	31.55	1.1	0.626868	12.4424	1.24940	774.06	0.96710	3.28	0
141	13:50:12.29	25.1270	12.93075	25.97	31.55	1.1	0.630036	12.5053	1.24932	774.08	0.96710	3.28	0
142	13:50:12.59	24.9320	12.97338	25.97	31.64	1.1	0.632118	12.5468	1.24936	774.10	0.96712	3.28	0
143	13:50:12.89	24.6710	13.03036	25.98	31.64	1.1	0.634902	12.6025	1.24936	774.14	0.96717	3.28	0
144	13:50:13.19	24.5210	13.06319	25.98	31.64	1.1	0.636498	12.6349	1.24936	774.16	0.96721	3.28	0
145	13:50:13.49	24.7100	13.02196	25.97	31.64	1.1	0.634488	12.5947	1.24936	774.14	0.96719	3.28	0
146	13:50:13.79	24.8545	12.99018	25.97	31.71	1.1	0.632946	12.5632	1.24936	774.10	0.96713	3.28	0
147	13:50:14.09	24.7565	13.01167	25.97	31.71	1.1	0.633990	12.5850	1.24940	774.14	0.96721	3.28	0
148	13:50:14.39	24.6040	13.04492	25.97	31.83	1.1	0.635616	12.6171	1.24936	774.14	0.96720	3.28	0
149	13:50:14.69	24.5320	13.06067	25.97	31.83	1.1	0.636384	12.6324	1.24936	774.16	0.96721	3.28	0
150	13:50:14.99	24.5420	13.05836	25.97	31.87	1.1	0.636276	12.6300	1.24936	774.16	0.96719	3.28	0
151	13:50:15.29	24.6040	13.04478	25.98	31.87	1.1	0.635616	12.6165	1.24936	774.14	0.96717	3.28	0
152	13:50:15.59	24.5905	13.04772	25.98	31.95	1.1	0.635760	12.6199	1.24940	774.16	0.96722	3.28	0
153	13:50:15.89	24.4410	13.08048	25.97	31.95	1.1	0.637356	12.6513	1.24936	774.16	0.96719	3.28	0
154	13:50:16.19	24.2070	13.13158	25.97	31.99	1.1	0.639846	12.7016	1.24936	774.18	0.96725	3.28	0
155	13:50:16.49	24.0615	13.16343	25.97	31.99	1.1	0.641400	12.7325	1.24936	774.20	0.96726	3.28	0
156	13:50:16.79	23.7275	13.23924	25.97	32.03	1.1	0.645096	12.8064	1.24936	774.24	0.96731	3.28	0
157	13:50:17.09	23.3105	13.33486	25.97	32.03	1.1	0.649752	12.8999	1.24936	774.30	0.96738	3.28	0
158	13:50:17.39	23.1640	13.36832	25.97	32.11	1.1	0.651390	12.9324	1.24936	774.32	0.96739	3.28	0
159	13:50:17.70	23.2965	13.33787	25.97	32.11	1.1	0.649908	12.9030	1.24936	774.30	0.96740	3.28	0
160	13:50:17.99	23.6035	13.26752	25.97	32.15	1.1	0.646476	12.8337	1.24936	774.24	0.96730	3.28	0
161	13:50:18.29	23.9755	13.18226	25.97	32.15	1.1	0.642324	12.7511	1.24936	774.24	0.96730	3.28	0
162	13:50:18.59	24.1225	13.14978	25.97	32.27	1.1	0.640746	12.7190	1.24936	774.18	0.96724	3.28	0
163	13:50:18.89	24.2175	13.12892	25.97	32.27	1.1	0.639732	12.6989	1.24936	774.18	0.96724	3.28	0
164	13:50:19.19	24.3660	13.09644	25.97	32.31	1.1	0.638148	12.6673	1.24936	774.16	0.96723	3.28	0
165	13:50:19.49	24.4185	13.08496	25.97	32.31	1.1	0.637590	12.6557	1.24936	774.16	0.96719	3.28	0
166	13:50:19.79	24.3980	13.08944	25.97	32.31	1.1	0.637806	12.6605	1.24940	774.18	0.96724	3.28	0
167	13:50:20.09	24.2680	13.11786	25.97	32.31	1.1	0.639192	12.6878	1.24932	774.18	0.96722	3.28	0
168	13:50:20.39	24.1955	13.13375	25.97	32.31	1.1	0.639966	12.7040	1.24940	774.20	0.96728	3.28	0
169	13:50:20.69	24.0655	13.16210	25.98	32.31	1.1	0.641352	12.7314	1.24936	774.22	0.96728	3.28	0
170	13:50:20.99	23.8235	13.21684	25.98	32.35	1.1	0.644022	12.7850	1.24936	774.24	0.96733	3.28	0
171	13:50:21.29	23.5445	13.28075	25.98	32.35	1.1	0.647136	12.8479	1.24940	774.30	0.96740	3.28	0
172	13:50:21.59	23.3650	13.32191	25.98	32.35	1.1	0.649140	12.8875	1.24936	774.30	0.96739	3.28	0
173	13:50:21.89	23.2700	13.34375	25.97	32.35	1.1	0.650202	12.9086	1.24936	774.30	0.96739	3.28	0
174	13:50:22.19	23.2100	13.35747	25.97	32.39	1.1	0.650874	12.9217	1.24936	774.30	0.96737	3.28	0
175	13:50:22.49	23.2840	13.34046	25.98	32.39	1.1	0.650046	12.9046	1.24932	774.28	0.96733	3.28	0
176	13:50:22.79	23.4770	13.29629	25.98	32.39	1.1	0.647892	12.8618	1.24936	774.26	0.96733	3.28	0
177	13:50:23.09	23.5685	13.27529	25.97	32.39	1.1	0.646866	12.8422	1.24940	774.28	0.96737	3.28	0
178	13:50:23.39	23.4910	13.29307	25.97	32.43	1.1	0.647736	12.8590	1.24936	774.28	0.96734	3.28	0
179	13:50:23.69	23.3360	13.32849	25.97	32.43	1.1	0.649464	12.8937	1.24936	774.30	0.96738	3.28	0
180	13:50:23.99	23.2000	13.35964	25.97	32.47	1.1	0.650982	12.9242	1.24936	774.32	0.96740	3.28	0
181	13:50:24.29	23.2315	13.35243	25.98	32.47	1.1	0.650634	12.9170	1.24936	774.30	0.96739	3.28	0
182	13:50:24.59	23.3445	13.32653	25.98	32.51	1.1	0.649374	12.8915	1.24936	774.28	0.96736	3.28	0
183	13:50:24.89	23.4635	13.29916	25.98	32.51	1.1	0.648042	12.8654	1.24940	774.28	0.96739	3.28	0
184	13:50:25.19	23.4510	13.30210	25.98	32.55	1.1	0.648186	12.8679	1.24936	774.28	0.96736	3.28	0
185	13:50:25.49	23.2435	13.34963	25.98	32.55	1.1	0.650502	12.9141	1.24936	774.30	0.96737	3.28	0
186	13:50:25.79	22.9910	13.40752	25.98	32.55	1.1	0.653322	12.9710	1.24936	774.34	0.96745	3.28	0
187	13:50:26.09	22.7605	13.46037	25.97	32.55	1.1	0.655896	13.0219	1.24932	774.36	0.96743	3.28	0
188	13:50:26.39	22.6215	13.49222	25.97	32.55	1.1	0.657450	13.0537	1.24936	774.38	0.96749	3.28	0
189	13:50:26.69	22.6420	13.48746	25.97	32.55	1.1	0.657216	13.0486	1.24936	774.38	0.96746	3.28	0
190	13:50:26.99	22.6225	13.49187	25.97	32.59	1.1	0.657432	13.0534	1.24936	774.40	0.96750	3.28	0
191	13:50:27.29	22.6455	13.48662	25.98	32.59	1.1	0.657180	13.0479	1.24936	774.38	0.96746	3.28	0
192	13:50:27.59	22.7355	13.46590	25.98	32.63	1.1	0.656172	13.0272	1.24932	774.36	0.96742	3.28	0
193	13:50:27.89	22.8600	13.43748	25.98	32.63	1.1	0.654786	12.9998	1.24936	774.36	0.96743	3.28	0
194	13:50:28.19	22.9205	13.42348	25.98	32.70	1.1	0.654108	12.9862	1.24936	774.34	0.96742	3.28	0
195	13:50:28.49	22.9970	13.40591	25.98	32.70	1.1	0.653256	12.9689	1.24932	774.34	0.96740	3.28	0
196	13:50:28.79	22.9275	13.42187	25.98	32.75	1.1	0.654030	12.9850	1.24936	774.36	0.96745	3.28	0
197	13:50:29.09	22.8080	13.44931	25.97	32.75	1.1	0.655368	13.0112	1.24932	774.36	0.96743	3.28	0
198	13:50:29.39	22.7790	13.45596	25.97	32.75	1.1	0.655692	13.0180	1.24936	774.36	0.96745	3.28	0
199	13:50:29.69	22.7650	13.45911	25.97	32.75	1.1	0.655842	13.0210	1.24936	774.36	0.96745	3.28	0
200	13:50:29.99	22.7415	13.46450	25.97	32.75	1.1	0.656106	13.0267	1.24936	774.38	0.96749	3.28	0
201	13:50:30.29	22.6290	13.49033	25.97	32.75	1.1	0.657366	13.0518	1.24936	774.38	0.96749	3.28	0
202	13:50:30.59	22.4345	13.53485	25.97	32.79	1.1	0.659538	13.0949	1.24936	774.40	0.96749	3.28	0
203	13:50:30.89	22.4390	13.53373	25.98	32.79	1.1	0.659484	13.0947	1.24940	774.42	0.96755	3.28	0
204	13:50:31.19	22.5435	13.50979	25.98	32.79	1.1	0.658320	13.0705	1.24936	774.38	0.96748	3.28	0
205	13:50:31.49	22.6625	13.48249	25.97	32.79	1.1	0.656988	13.0435	1.24932	774.36	0.96744	3.28	0
206	13:50:31.79	22.7045	13.47283	25.97	32.83	1.1	0.656520	13.0340	1.24932	774.36	0.96743	3.28	0
207	13:50:32.09	22.6505	13.48522	25.98	32.83	1.1	0.657126	13.0460	1.24932	774.36	0.96743	3.28	0
208	13:50:32.39	22.4540	13.53023	25.98	32.86	1.1	0.659316	13.0902	1.24932	774.40	0.96748	3.28	0
209	13:50:32.69	22.3040	13.56460	25.97	32.86	1.1	0.660990	13.1244	1.24936	774.44	0.96755	3.28	0
210	13:50:32.99	22.1575	13.59827	25.97	32.86	1.1	0.662628	13.1571	1.24936	774.44	0.96755	3.28	0
211	13:50:33.29	22.0840	13.61500	25.97	32.86	1.1	0.663450	13.1732	1.24936	774.44	0.96755	3.28	0
212	13:50:33.59	22.1215	13.60646	25.97	32.86	1.1	0.663030	13.1648	1.24936	774.44	0.96754	3.28	0
213	13:50:33.89	22.2255	13.58252	25.98	32.86	1.1	0.661866	13.1409	1.24932	774.40	0.96748	3.28	0
214	13:50:34.19	22.3710	13.54913	25.98	32.90	1.1	0.660240	13.1088	1.24936	774.40	0.96750	3.28	0
215	13:50:34.49	22.4970	13.52036	25.97	32.90	1.1	0.658836	13.0808	1.24936	774.40	0.96749	3.28	0
216	13:50:34.79	22.5295	13.51294	25.97	32.94	1.1	0.658476	13.0733	1.24932	774.38	0.96746	3.28	0
217	13:50:35.09	22.4730	13.52582	25.97	32.94	1.1	0.659106	13.0860	1.24936	774.38	0.96748	3.28	0
218	13:50:35.39	22.4370	13.53408	25.97	32.94	1.1	0.659508	13.0931	1.24928	774.36	0.96742	3.28	0
219	13:50:35.69	22.4715	13.52610	25.98	32.94	1.1	0.659118	13.0859	1.24932	774.38	0.96746	3.28	0
220	13:50:35.99	22.3900	13.54486	25.98	32.94	1.1	0.660036	13.1043	1.24932	774.40	0.96748	3.28	0
221	13:50:36.29	22.2230	13.58308	25.97	32.94	1.1	0.661896	13.1423	1.24936	774.44	0.96755	3.28	0
222	13:50:36.59	22.0720	13.61773	25.97	32.94	1.1	0.663582	13.1755	1.24936	774.44	0.96753	3.28	0
223	13:50:36.89	22.0410	13.62487	25.97	32.94	1.1	0.663930	13.1823	1.24932	774.44	0.96752	3.28	0
224	13:50:37.19	22.0850	13.61472	25.97	32.94	1.1	0.663438	13.1724	1.24932	774.42	0.96751	3.28	0
225	13:50:37.49	22.0650	13.61934	25.97	32.94	1.1	0.663660	13.1771	1.24932	774.44	0.96753	3.28	0
226	13:50:37.79	21.9375	13.64923	25.97	32.99	1.1	0.665118	13.2061	1.24932	774.44	0.96754	3.28	0
227	13:50:38.09	21.8300	13.67485	25.98	32.99	1.1	0.666372	13.2317	1.24936	774.48	0.96759	3.28	0
228	13:50:38.39	21.8070	13.68038	25.98	32.99	1.1	0.666642	13.2364	1.24932	774.46	0.96755	3.28	0
229	13:50:38.69	21.8160	13.67828	25.98	32.99	1.1	0.666540	13.2344	1.24932	774.46	0.96755	3.28	0
230	13:50:38.99	21.8760	13.66386	25.98	33.02	1.1	0.665838	13.2210	1.24936	774.48	0.96759	3.28	0
231	13:50:39.29	21.9000	13.65812	25.97	33.02	1.1	0.665556	13.2149	1.24932	774.46	0.96755	3.28	0
232	13:50:39.59	21.7095	13.70383	25.97	33.06	1.1	0.667788	13.2592	1.24932	774.48	0.96755	3.28	0
233	13:50:39.89	21.5880	13.73288	25.98	33.06	1.1	0.669204	13.2880	1.24936	774.48	0.96760	3.28	0
234	13:50:40.19	21.7475	13.69459	25.98	33.06	1.1	0.667338	13.2499	1.24932	774.46	0.96753	3.28	0
235	13:50:40.49	21.7015	13.70558	25.98	33.06	1.1	0.667872	13.2616	1.24936	774.50	0.96760	3.28	0
236	13:50:40.79	21.4905	13.75612	25.98	33.15	1.1	0.670338	13.3104	1.24932	774.50	0.96760	3.28	0
237	13:50:41.09	21.4190	13.77334	25.98	33.15	1.1	0.671178	13.3272	1.24932	774.50	0.96761	3.28	0
238	13:50:41.39	21.4545	13.76473	25.98	33.15	1.1	0.670758	13.3192	1.24936	774.52	0.96763	3.28	0
239	13:50:41.69	21.4845	13.75766	25.97	33.15	1.1	0.670410	13.3122	1.24932	774.52	0.96763	3.28	0
240	13:50:41.99	21.5195	13.74919	25.97	33.18	1.1	0.670002	13.3037	1.24932	774.50	0.96760	3.28	0
241	13:50:42.29	21.5670	13.73785	25.98	33.18	1.1	0.669450	13.2932	1.24936	774.50	0.96764	3.28	0
242	13:50:42.59	21.7755	13.68780	25.98	33.18	1.1	0.667014	13.2439	1.24936	774.46	0.96757	3.28	0
243	13:50:42.89	21.9980	13.63446	25.98	33.18	1.1	0.664410	13.1917	1.24932	774.44	0.96753	3.28	0
244	13:50:43.19	22.0035	13.63306	25.98	33.22	1.1	0.664344	13.1904	1.24932	774.44	0.96754	3.28	0
245	13:50:43.49	21.9275	13.65126	25.97	33.22	1.1	0.665232	13.2086	1.24936	774.46	0.96758	3.28	0
246	13:50:43.79	21.7990	13.68220	25.97	33.22	1.1	0.666738	13.2387	1.24936	774.48	0.96758	3.28	0
247	13:50:44.09	21.6875	13.70880	25.98	33.22	1.1	0.668040	13.2649	1.24936	774.50	0.96762	3.28	0
248	13:50:44.39	21.5615	13.73911	25.98	33.22	1.1	0.669516	13.2948	1.24936	774.52	0.96767	3.28	0
249	13:50:44.69	21.4900	13.75626	25.98	33.22	1.1	0.670350	13.3111	1.24936	774.52	0.96764	3.28	0
250	13:50:44.99	21.4105	13.77530	25.98	33.22	1.1	0.671280	13.3301	1.24936	774.54	0.96768	3.28	0
251	13:50:45.29	21.3165	13.79791	25.97	33.22	1.1	0.672378	13.3515	1.24932	774.54	0.96765	3.28	0
252	13:50:45.59	21.3185	13.79735	25.97	33.22	1.1	0.672348	13.3507	1.24932	774.52	0.96763	3.28	0
253	13:50:45.89	21.3495	13.78993	25.98	33.22	1.1	0.671988	13.3437	1.24932	774.52	0.96764	3.28	0
254	13:50:46.19	21.3615	13.78706	25.98	33.22	1.1	0.671850	13.3409	1.24932	774.54	0.96764	3.28	0
255	13:50:46.49	21.4350	13.76942	25.98	33.22	1.1	0.670992	13.3241	1.24936	774.52	0.96766	3.28	0
256	13:50:46.79	21.5400	13.74422	25.98	33.26	1.1	0.669762	13.2989	1.24932	774.50	0.96760	3.28	0
257	13:50:47.09	21.6365	13.72105	25.97	33.26	1.1	0.668634	13.2768	1.24936	774.50	0.96762	3.28	0
258	13:50:47.39	21.7000	13.70586	25.97	33.30	1.1	0.667896	13.2620	1.24936	774.50	0.96761	3.28	0
259	13:50:47.69	21.6985	13.70607	25.98	33.30	1.1	0.667908	13.2623	1.24936	774.50	0.96763	3.28	0
260	13:50:47.99	21.6060	13.72833	25.98	33.30	1.1	0.668994	13.2833	1.24932	774.50	0.96758	3.28	0
261	13:50:48.29	21.5315	13.74618	25.98	33.30	1.1	0.669864	13.3012	1.24936	774.52	0.96763	3.28	0
262	13:50:48.59	21.4585	13.76375	25.98	33.30	1.1	0.670716	13.3182	1.24932	774.52	0.96763	3.28	0
263	13:50:48.89	21.4155	13.77404	25.97	33.30	1.1	0.671220	13.3279	1.24932	774.52	0.96761	3.28	0
264	13:50:49.19	21.3810	13.78230	25.97	33.30	1.1	0.671622	13.3363	1.24932	774.52	0.96764	3.28	0
265	13:50:49.49	21.3830	13.78188	25.97	33.30	1.1	0.671598	13.3357	1.24932	774.52	0.96763	3.28	0
266	13:50:49.79	21.4095	13.77551	25.97	33.30	1.1	0.671292	13.3294	1.24932	774.52	0.96762	3.28	0
267	13:50:50.09	21.4270	13.77124	25.97	33.30	1.1	0.671082	13.3246	1.24928	774.50	0.96757	3.28	0
268	13:50:50.39	21.5020	13.75325	25.97	33.30	1.1	0.670206	13.3080	1.24932	774.52	0.96763	3.28	0
269	13:50:50.69	21.5010	13.75346	25.98	33.30	1.1	0.670218	13.3078	1.24932	774.50	0.96760	3.28	0
270	13:50:50.99	21.4675	13.76151	25.98	33.30	1.1	0.670608	13.3162	1.24936	774.52	0.96764	3.28	0
271	13:50:51.29	21.4405	13.76795	25.98	33.30	1.1	0.670926	13.3220	1.24932	774.50	0.96761	3.28	0
272	13:50:51.59	21.4180	13.77334	25.98	33.30	1.1	0.671190	13.3273	1.24932	774.50	0.96761	3.28	0
273	13:50:51.89	21.3945	13.77894	25.98	33.30	1.1	0.671460	13.3325	1.24932	774.50	0.96760	3.28	0
274	13:50:52.19	21.3745	13.78384	25.98	33.30	1.1	0.671700	13.3377	1.24932	774.52	0.96764	3.28	0
275	13:50:52.49	21.3560	13.78825	25.98	33.30	1.1	0.671916	13.3420	1.24932	774.52	0.96763	3.28	0
276	13:50:52.79	21.3385	13.79245	25.98	33.30	1.1	0.672120	13.3462	1.24932	774.54	0.96764	3.28	0
277	13:50:53.09	21.3345	13.79343	25.98	33.30	1.1	0.672168	13.3472	1.24932	774.54	0.96765	3.28	0
278	13:50:53.39	21.3515	13.78937	25.98	33.30	1.1	0.671970	13.3427	1.24932	774.52	0.96761	3.28	0
279	13:50:53.69	21.3905	13.77992	25.98	33.30	1.1	0.671508	13.3341	1.24932	774.54	0.96764	3.28	0
280	13:50:53.99	21.4075	13.77593	25.98	33.30	1.1	0.671316	13.3297	1.24932	774.52	0.96761	3.28	0
281	13:50:54.29	21.4000	13.77775	25.97	33.30	1.1	0.671400	13.3314	1.24932	774.52	0.96760	3.28	0
282	13:50:54.59	21.3890	13.78034	25.97	33.34	1.1	0.671532	13.3342	1.24932	774.52	0.96763	3.28	0
283	13:50:54.89	21.3840	13.78146	25.98	33.34	1.1	0.671586	13.3353	1.24932	774.52	0.96763	3.28	0
284	13:50:55.19	21.3890	13.78027	25.98	33.34	1.1	0.671526	13.3344	1.24932	774.52	0.96764	3.28	0
285	13:50:55.49	21.3930	13.77929	25.98	33.34	1.1	0.671478	13.3335	1.24932	774.54	0.96764	3.28	0
286	13:50:55.79	21.3825	13.78188	25.98	33.34	1.1	0.671604	13.3358	1.24932	774.52	0.96763	3.28	0
287	13:50:56.09	21.3655	13.78587	25.98	33.34	1.1	0.671802	13.3395	1.24932	774.52	0.96762	3.28	0
288	13:50:56.39	21.3535	13.78874	25.98	33.34	1.1	0.671940	13.3426	1.24932	774.54	0.96764	3.28	0
289	13:50:56.69	21.3475	13.79028	25.98	33.34	1.1	0.672018	13.3448	1.24936	774.54	0.96769	3.28	0
290	13:50:56.99	21.3465	13.79042	25.98	33.34	1.1	0.672024	13.3444	1.24932	774.54	0.96766	3.28	0
291	13:50:57.29	21.3535	13.78888	25.98	33.34	1.1	0.671946	13.3430	1.24932	774.54	0.96767	3.28	0
292	13:50:57.59	21.3630	13.78650	25.98	33.34	1.1	0.671832	13.3403	1.24932	774.54	0.96764	3.28	0
293	13:50:57.89	21.3690	13.78510	25.98	33.34	1.1	0.671760	13.3393	1.24936	774.54	0.96766	3.28	0
294	13:50:58.19	21.3675	13.78545	25.98	33.34	1.1	0.671778	13.3394	1.24932	774.52	0.96764	3.28	0
295	13:50:58.49	21.3585	13.78755	25.98	33.34	1.1	0.671880	13.3418	1.24936	774.54	0.96767	3.28	0
296	13:50:58.79	21.3530	13.78888	25.98	33.38	1.1	0.671946	13.3426	1.24932	774.54	0.96764	3.28	0
297	13:50:59.09	21.3480	13.79000	25.98	33.38	1.1	0.672006	13.3440	1.24936	774.54	0.96766	3.28	0
298	13:50:59.39	21.3495	13.78965	25.98	33.38	1.1	0.671988	13.3435	1.24932	774.54	0.96764	3.28	0
299	13:50:59.69	21.3435	13.79112	25.98	33.38	1.1	0.672060	13.3449	1.24932	774.54	0.96765	3.28	0
300	13:50:59.99	21.3390	13.79224	25.98	33.38	1.1	0.672114	13.3457	1.24932	774.52	0.96762	3.28	0
301	13:51:00.29	21.3400	13.79203	25.98	33.38	1.1	0.672102	13.3456	1.24932	774.52	0.96763	3.28	0
302	13:51:00.59	21.3375	13.79259	25.98	33.38	1.1	0.672132	13.3463	1.24932	774.52	0.96764	3.28	0
303	13:51:00.89	21.3300	13.79434	25.98	33.38	1.1	0.672216	13.3488	1.24936	774.56	0.96770	3.28	0
304	13:51:01.19	21.3230	13.79609	25.98	33.38	1.1	0.672300	13.3494	1.24932	774.52	0.96763	3.28	0
305	13:51:01.49	21.3185	13.79721	25.98	33.38	1.1	0.672354	13.3506	1.24932	774.52	0.96763	3.28	0
306	13:51:01.79	21.3170	13.79749	25.98	33.38	1.1	0.672372	13.3514	1.24936	774.54	0.96767	3.28	0
307	13:51:02.09	21.3190	13.79707	25.98	33.38	1.1	0.672348	13.3508	1.24932	774.54	0.96766	3.28	0
308	13:51:02.39	21.3210	13.79658	25.98	33.38	1.1	0.672324	13.3507	1.24936	774.54	0.96769	3.28	0
309	13:51:02.69	21.3240	13.79588	25.98	33.38	1.1	0.672288	13.3498	1.24936	774.54	0.96766	3.28	0
310	13:51:02.99	21.3230	13.79602	25.98	33.38	1.1	0.672300	13.3496	1.24932	774.54	0.96764	3.28	0
311	13:51:03.29	21.3255	13.79546	25.98	33.38	1.1	0.672270	13.3489	1.24932	774.52	0.96763	3.28	0
312	13:51:03.59	21.3250	13.79567	25.98	33.38	1.1	0.672282	13.3486	1.24928	774.52	0.96760	3.28	0
313	13:51:03.89	21.3295	13.79455	25.98	33.38	1.1	0.672222	13.3484	1.24936	774.54	0.96766	3.28	0
314	13:51:04.19	21.3295	13.79448	25.98	33.42	1.1	0.672222	13.3486	1.24932	774.56	0.96767	3.28	0
315	13:51:04.49	21.3325	13.79378	25.98	33.42	1.1	0.672192	13.3476	1.24932	774.54	0.96765	3.28	0
316	13:51:04.79	21.3345	13.79329	25.98	33.42	1.1	0.672168	13.3472	1.24932	774.54	0.96766	3.28	0
317	13:51:05.09	21.3355	13.79308	25.97	33.42	1.1	0.672156	13.3468	1.24932	774.52	0.96764	3.28	0
318	13:51:05.39	21.3355	13.79308	25.97	33.42	1.1	0.672156	13.3465	1.24932	774.52	0.96762	3.28	0
319	13:51:05.69	21.3390	13.79217	25.98	33.42	1.1	0.672108	13.3467	1.24936	774.56	0.96770	3.28	0
320	13:51:05.99	21.3365	13.79280	25.98	33.42	1.1	0.672144	13.3473	1.24936	774.56	0.96770	3.28	0
321	13:51:06.29	21.3375	13.79252	25.98	33.42	1.1	0.672126	13.3464	1.24936	774.54	0.96766	3.28	0
322	13:51:06.59	21.3335	13.79350	25.98	33.42	1.1	0.672174	13.3475	1.24936	774.54	0.96767	3.28	0
323	13:51:06.89	21.3330	13.79371	25.98	33.42	1.1	0.672186	13.3480	1.24936	774.56	0.96769	3.28	0
324	13:51:07.19	21.3305	13.79420	25.98	33.42	1.1	0.672210	13.3486	1.24936	774.54	0.96769	3.28	0
325	13:51:07.49	21.3350	13.79315	25.98	33.42	1.1	0.672156	13.3472	1.24936	774.54	0.96767	3.28	0
326	13:51:07.79	21.3330	13.79364	25.98	33.42	1.1	0.672186	13.3473	1.24932	774.54	0.96764	3.28	0
327	13:51:08.09	21.3295	13.79441	25.98	33.42	1.1	0.672222	13.3481	1.24932	774.54	0.96764	3.28	0
328	13:51:08.39	21.3230	13.79602	25.98	33.42	1.1	0.672300	13.3496	1.24932	774.52	0.96764	3.28	0
329	13:51:08.69	21.3190	13.79707	25.98	33.42	1.1	0.672348	13.3505	1.24932	774.52	0.96763	3.28	0
330	13:51:08.99	21.3190	13.79700	25.98	33.42	1.1	0.672348	13.3508	1.24932	774.54	0.96766	3.28	0
331	13:51:09.29	21.3180	13.79728	25.98	33.42	1.1	0.672360	13.3513	1.24932	774.54	0.96767	3.28	0
332	13:51:09.59	21.3185	13.79707	25.98	33.42	1.1	0.672354	13.3508	1.24932	774.54	0.96766	3.28	0
333	13:51:09.89	21.3175	13.79728	25.98	33.42	1.1	0.672360	13.3509	1.24932	774.54	0.96764	3.28	0
334	13:51:10.19	21.3200	13.79679	25.98	33.42	1.1	0.672336	13.3506	1.24932	774.54	0.96766	3.28	0
335	13:51:10.49	21.3160	13.79763	25.98	33.42	1.1	0.672378	13.3510	1.24932	774.54	0.96763	3.28	0
336	13:51:10.79	21.3190	13.79700	25.98	33.42	1.1	0.672348	13.3507	1.24932	774.54	0.96766	3.28	0
337	13:51:11.09	21.3210	13.79651	25.98	33.42	1.1	0.672324	13.3502	1.24932	774.54	0.96765	3.28	0
338	13:51:11.39	21.3240	13.79574	25.98	33.42	1.1	0.672288	13.3498	1.24932	774.54	0.96767	3.28	0
339	13:51:11.69	21.3200	13.79672	25.98	33.42	1.1	0.672330	13.3503	1.24932	774.54	0.96764	3.28	0
340	13:51:11.99	21.3230	13.79609	25.98	33.42	1.1	0.672300	13.3500	1.24936	774.54	0.96766	3.28	0
341	13:51:12.29	21.3155	13.79784	25.98	33.42	1.1	0.672390	13.3514	1.24932	774.54	0.96764	3.28	0
342	13:51:12.59	21.3145	13.79805	25.98	33.42	1.1	0.672396	13.3518	1.24932	774.54	0.96766	3.28	0
343	13:51:12.89	21.3140	13.79819	25.98	33.42	1.1	0.672402	13.3518	1.24932	774.54	0.96765	3.28	0
344	13:51:13.19	21.3115	13.79882	25.98	33.42	1.1	0.672438	13.3523	1.24932	774.52	0.96764	3.28	0
345	13:51:13.49	21.3160	13.79770	25.98	33.42	1.1	0.672384	13.3521	1.24936	774.56	0.96770	3.28	0
346	13:51:13.79	21.3115	13.79882	25.98	33.42	1.1	0.672438	13.3522	1.24932	774.52	0.96764	3.28	0
347	13:51:14.09	21.3170	13.79742	25.98	33.42	1.1	0.672366	13.3514	1.24936	774.54	0.96767	3.28	0
348	13:51:14.39	21.3155	13.79784	25.98	33.42	1.1	0.672384	13.3517	1.24932	774.54	0.96767	3.28	0
349	13:51:14.69	21.3185	13.79714	25.98	33.42	1.1	0.672354	13.3510	1.24932	774.54	0.96767	3.28	0
350	13:51:14.99	21.3175	13.79735	25.98	33.46	1.1	0.672366	13.3512	1.24932	774.54	0.96767	3.28	0
351	13:51:15.29	21.3165	13.79749	25.98	33.46	1.1	0.672372	13.3511	1.24932	774.54	0.96765	3.28	0
352	13:51:15.59	21.3165	13.79756	25.98	33.42	1.1	0.672372	13.3510	1.24932	774.52	0.96763	3.28	0
353	13:51:15.89	21.3180	13.79728	25.98	33.42	1.1	0.672360	13.3512	1.24936	774.54	0.96767	3.28	0
354	13:51:16.19	21.3165	13.79756	25.98	33.46	1.1	0.672378	13.3512	1.24932	774.54	0.96765	3.28	0
355	13:51:16.49	21.3170	13.79749	25.98	33.46	1.1	0.672372	13.3514	1.24936	774.54	0.96767	3.28	0
356	13:51:16.79	21.3160	13.79770	25.98	33.46	1.1	0.672384	13.3512	1.24932	774.54	0.96765	3.28	0
357	13:51:17.09	21.3175	13.79728	25.98	33.46	1.1	0.672360	13.3519	1.24936	774.58	0.96772	3.28	0
358	13:51:17.39	21.3160	13.79770	25.98	33.46	1.1	0.672384	13.3514	1.24932	774.54	0.96766	3.28	0
359	13:51:17.69	21.3160	13.79763	25.98	33.46	1.1	0.672378	13.3512	1.24932	774.54	0.96764	3.28	0
360	13:51:17.99	21.3155	13.79777	25.98	33.46	1.1	0.672384	13.3515	1.24932	774.54	0.96766	3.28	0
361	13:51:18.29	21.3150	13.79784	25.98	33.46	1.1	0.672390	13.3510	1.24932	774.52	0.96761	3.28	0
362	13:51:18.59	21.3145	13.79812	25.98	33.42	1.1	0.672402	13.3514	1.24932	774.52	0.96763	3.28	0
363	13:51:18.89	21.3155	13.79784	25.98	33.42	1.1	0.672390	13.3517	1.24936	774.54	0.96766	3.28	0
364	13:51:19.19	21.3145	13.79798	25.98	33.46	1.1	0.672396	13.3518	1.24932	774.54	0.96766	3.28	0
365	13:51:19.49	21.3130	13.79840	25.98	33.46	1.1	0.672420	13.3521	1.24932	774.54	0.96766	3.28	0
366	13:51:19.79	21.3130	13.79840	25.98	33.46	1.1	0.672414	13.3520	1.24932	774.54	0.96765	3.28	0
367	13:51:20.09	21.3125	13.79847	25.98	33.46	1.1	0.672420	13.3519	1.24932	774.54	0.96763	3.28	0
368	13:51:20.39	21.3150	13.79791	25.98	33.46	1.1	0.672390	13.3516	1.24932	774.54	0.96766	3.28	0
369	13:51:20.69	21.3130	13.79840	25.98	33.46	1.1	0.672420	13.3519	1.24932	774.54	0.96764	3.28	0
370	13:51:20.99	21.3115	13.79882	25.98	33.42	1.1	0.672438	13.3524	1.24932	774.54	0.96765	3.28	0
371	13:51:21.29	21.3110	13.79889	25.98	33.42	1.1	0.672438	13.3523	1.24932	774.52	0.96763	3.28	0
372	13:51:21.59	21.3130	13.79833	25.98	33.46	1.1	0.672414	13.3523	1.24936	774.54	0.96767	3.28	0
373	13:51:21.89	21.3130	13.79847	25.98	33.46	1.1	0.672420	13.3531	1.24940	774.56	0.96773	3.28	0
374	13:51:22.19	21.3095	13.79924	25.98	33.46	1.1	0.672456	13.3535	1.24936	774.56	0.96770	3.28	0
375	13:51:22.49	21.3075	13.79973	25.98	33.46	1.1	0.672480	13.3538	1.24936	774.56	0.96769	3.28	0
376	13:51:22.79	21.3095	13.79924	25.98	33.46	1.1	0.672462	13.3532	1.24936	774.54	0.96767	3.28	0
377	13:51:23.09	21.3105	13.79896	25.98	33.46	1.1	0.672444	13.3529	1.24932	774.54	0.96767	3.28	0
378	13:51:23.39	21.3105	13.79903	25.98	33.46	1.1	0.672450	13.3530	1.24932	774.56	0.96767	3.28	0
379	13:51:23.69	21.3075	13.79966	25.98	33.46	1.1	0.672480	13.3529	1.24932	774.52	0.96763	3.28	0
380	13:51:23.99	21.3105	13.79903	25.98	33.46	1.1	0.672450	13.3530	1.24936	774.54	0.96767	3.28	0
381	13:51:24.29	21.3095	13.79917	25.98	33.46	1.1	0.672456	13.3529	1.24932	774.54	0.96766	3.28	0
382	13:51:24.59	21.3080	13.79959	25.98	33.46	1.1	0.672474	13.3529	1.24932	774.52	0.96763	3.28	0
383	13:51:24.89	21.3060	13.80008	25.98	33.46	1.1	0.672498	13.3536	1.24932	774.54	0.96764	3.28	0
384	13:51:25.19	21.3070	13.79980	25.98	33.46	1.1	0.672486	13.3537	1.24936	774.54	0.96767	3.28	0
385	13:51:25.49	21.3060	13.80001	25.98	33.46	1.1	0.672498	13.3534	1.24932	774.54	0.96763	3.28	0
386	13:51:25.79	21.3050	13.80036	25.98	33.46	1.1	0.672516	13.3532	1.24928	774.52	0.96760	3.28	0
387	13:51:26.09	21.3075	13.79966	25.98	33.46	1.1	0.672480	13.3528	1.24932	774.52	0.96762	3.28	0
388	13:51:26.39	21.3065	13.79994	25.98	33.46	1.1	0.672492	13.3533	1.24932	774.54	0.96764	3.28	0
389	13:51:26.69	21.3060	13.80001	25.99	33.46	1.1	0.672498	13.3534	1.24932	774.54	0.96764	3.28	0
390	13:51:26.99	21.3065	13.79994	25.99	33.46	1.1	0.672492	13.3535	1.24932	774.54	0.96766	3.28	0
391	13:51:27.29	21.3050	13.80036	25.98	33.46	1.1	0.672510	13.3533	1.24932	774.52	0.96761	3.28	0
392	13:51:27.59	21.3070	13.79980	25.98	33.46	1.1	0.672486	13.3533	1.24932	774.54	0.96764	3.28	0
393	13:51:27.89	21.3035	13.80071	25.98	33.46	1.1	0.672528	13.3545	1.24932	774.54	0.96766	3.28	0
394	13:51:28.19	21.3045	13.80043	25.98	33.46	1.1	0.672516	13.3538	1.24932	774.52	0.96763	3.28	0
395	13:51:28.49	21.3050	13.80029	25.98	33.46	1.1	0.672510	13.3537	1.24932	774.54	0.96764	3.28	0
396	13:51:28.79	21.3055	13.80022	25.98	33.46	1.1	0.672504	13.3543	1.24936	774.56	0.96769	3.28	0
397	13:51:29.09	21.3045	13.80043	25.98	33.46	1.1	0.672516	13.3547	1.24936	774.56	0.96770	3.28	0
398	13:51:29.39	21.3025	13.80092	25.98	33.46	1.1	0.672540	13.3542	1.24932	774.52	0.96763	3.28	0
399	13:51:29.69	21.3035	13.80078	25.97	33.46	1.1	0.672528	13.3548	1.24936	774.54	0.96769	3.28	0
400	13:51:29.99	21.3015	13.80127	25.97	33.46	1.1	0.672552	13.3552	1.24932	774.56	0.96768	3.28	0
401	13:51:30.29	21.3020	13.80106	25.98	33.46	1.1	0.672546	13.3545	1.24932	774.52	0.96765	3.28	0
402	13:51:30.59	21.2995	13.80162	25.98	33.46	1.1	0.672570	13.3547	1.24932	774.52	0.96762	3.28	0
403	13:51:30.89	21.3020	13.80099	25.98	33.46	1.1	0.672546	13.3549	1.24936	774.54	0.96768	3.28	0
404	13:51:31.19	21.3015	13.80113	25.98	33.46	1.1	0.672552	13.3548	1.24932	774.54	0.96766	3.28	0
405	13:51:31.49	21.2995	13.80162	25.99	33.46	1.1	0.672576	13.3552	1.24932	774.54	0.96766	3.28	0
406	13:51:31.79	21.2985	13.80176	25.99	33.46	1.1	0.672582	13.3552	1.24932	774.54	0.96765	3.28	0
407	13:51:32.09	21.2985	13.80190	25.98	33.46	1.1	0.672588	13.3552	1.24932	774.54	0.96763	3.28	0
408	13:51:32.39	21.2975	13.80204	25.98	33.46	1.1	0.672594	13.3556	1.24932	774.54	0.96765	3.28	0
409	13:51:32.69	21.3000	13.80155	25.98	33.46	1.1	0.672570	13.3551	1.24932	774.54	0.96765	3.28	0
410	13:51:32.99	21.3000	13.80148	25.98	33.46	1.1	0.672570	13.3547	1.24932	774.52	0.96763	3.28	0
411	13:51:33.29	21.2995	13.80162	25.98	33.46	1.1	0.672576	13.3552	1.24932	774.54	0.96765	3.28	0
412	13:51:33.59	21.2980	13.80197	25.98	33.46	1.1	0.672594	13.3556	1.24932	774.54	0.96766	3.28	0
413	13:51:33.89	21.3000	13.80148	25.98	33.46	1.1	0.672564	13.3548	1.24932	774.54	0.96764	3.28	0
414	13:51:34.19	21.2980	13.80204	25.98	33.46	1.1	0.672594	13.3557	1.24932	774.54	0.96766	3.28	0
415	13:51:34.49	21.2980	13.80197	25.98	33.46	1.1	0.672594	13.3558	1.24936	774.54	0.96767	3.28	0
416	13:51:34.79	21.2965	13.80239	25.98	33.46	1.1	0.672612	13.3559	1.24932	774.54	0.96766	3.28	0
417	13:51:35.09	21.2955	13.80253	25.98	33.46	1.1	0.672618	13.3560	1.24932	774.54	0.96764	3.28	0
418	13:51:35.39	21.2975	13.80211	25.98	33.46	1.1	0.672600	13.3559	1.24932	774.54	0.96767	3.28	0
419	13:51:35.69	21.2980	13.80204	25.98	33.46	1.1	0.672594	13.3557	1.24936	774.54	0.96766	3.28	0
420	13:51:35.99	21.2985	13.80190	25.98	33.46	1.1	0.672588	13.3562	1.24936	774.56	0.96771	3.28	0
421	13:51:36.29	21.2975	13.80204	25.98	33.46	1.1	0.672594	13.3556	1.24936	774.52	0.96765	3.28	0
422	13:51:36.59	21.2970	13.80218	25.98	33.46	1.1	0.672600	13.3557	1.24932	774.54	0.96765	3.28	0
423	13:51:36.89	21.2945	13.80281	25.98	33.46	1.1	0.672630	13.3562	1.24932	774.54	0.96764	3.28	0
424	13:51:37.19	21.2940	13.80295	25.98	33.46	1.1	0.672636	13.3559	1.24928	774.54	0.96761	3.28	0
425	13:51:37.49	21.2975	13.80211	25.98	33.46	1.1	0.672600	13.3559	1.24936	774.54	0.96767	3.28	0
426	13:51:37.79	21.2950	13.80274	25.98	33.46	1.1	0.672630	13.3561	1.24932	774.54	0.96764	3.28	0
427	13:51:38.09	21.2920	13.80337	25.98	33.46	1.1	0.672660	13.3566	1.24932	774.54	0.96763	3.28	0
428	13:51:38.39	21.2915	13.80358	25.98	33.46	1.1	0.672672	13.3566	1.24928	774.52	0.96761	3.28	0
429	13:51:38.69	21.2945	13.80281	25.98	33.46	1.1	0.672630	13.3567	1.24936	774.56	0.96768	3.28	0
430	13:51:38.99	21.2945	13.80288	25.98	33.46	1.1	0.672636	13.3564	1.24932	774.54	0.96766	3.28	0
431	13:51:39.29	21.2920	13.80344	25.98	33.46	1.1	0.672666	13.3569	1.24932	774.54	0.96765	3.28	0
432	13:51:39.59	21.2920	13.80337	25.98	33.46	1.1	0.672660	13.3569	1.24932	774.54	0.96765	3.28	0
433	13:51:39.89	21.2945	13.80288	25.98	33.46	1.1	0.672636	13.3564	1.24932	774.54	0.96766	3.28	0
434	13:51:40.19	21.2935	13.80302	25.98	33.46	1.1	0.672642	13.3569	1.24936	774.54	0.96768	3.28	0
435	13:51:40.49	21.2920	13.80337	25.98	33.46	1.1	0.672660	13.3570	1.24932	774.54	0.96766	3.28	0
436	13:51:40.79	21.2915	13.80351	25.98	33.46	1.1	0.672666	13.3573	1.24936	774.54	0.96767	3.28	0
437	13:51:41.09	21.2915	13.80358	25.98	33.46	1.1	0.672672	13.3575	1.24936	774.54	0.96769	3.28	0
438	13:51:41.39	21.2915	13.80358	25.98	33.46	1.1	0.672672	13.3575	1.24936	774.56	0.96769	3.28	0
439	13:51:41.69	21.2915	13.80358	25.98	33.46	1.1	0.672672	13.3575	1.24936	774.54	0.96769	3.28	0
440	13:51:41.99	21.2875	13.80456	25.98	33.46	1.1	0.672714	13.3573	1.24932	774.52	0.96760	3.28	0
441	13:51:42.29	21.2895	13.80400	25.98	33.46	1.1	0.672690	13.3577	1.24932	774.54	0.96767	3.28	0
442	13:51:42.59	21.2895	13.80400	25.98	33.46	1.1	0.672690	13.3578	1.24936	774.54	0.96767	3.28	0
443	13:51:42.89	21.2910	13.80365	25.98	33.46	1.1	0.672672	13.3575	1.24936	774.54	0.96767	3.28	0
444	13:51:43.19	21.2870	13.80456	25.98	33.46	1.1	0.672720	13.3580	1.24932	774.54	0.96766	3.28	0
445	13:51:43.49	21.2895	13.80400	25.98	33.46	1.1	0.672690	13.3580	1.24936	774.56	0.96769	3.28	0
446	13:51:43.79	21.2895	13.80407	25.98	33.46	1.1	0.672690	13.3577	1.24932	774.54	0.96767	3.28	0
447	13:51:44.09	21.2865	13.80470	25.98	33.46	1.1	0.672726	13.3580	1.24932	774.54	0.96764	3.28	0
448	13:51:44.39	21.2890	13.80414	25.98	33.46	1.1	0.672696	13.3582	1.24936	774.56	0.96769	3.28	0
449	13:51:44.69	21.2880	13.80442	25.98	33.46	1.1	0.672708	13.3583	1.24936	774.56	0.96769	3.28	0
450	13:51:44.99	21.2850	13.80512	25.98	33.46	1.1	0.672744	13.3589	1.24932	774.56	0.96768	3.28	0
451	13:51:45.29	21.2870	13.80463	25.98	33.46	1.1	0.672720	13.3582	1.24936	774.54	0.96766	3.28	0
452	13:51:45.59	21.2860	13.80491	25.98	33.46	1.1	0.672732	13.3587	1.24936	774.54	0.96768	3.28	0
453	13:51:45.89	21.2850	13.80512	25.98	33.46	1.1	0.672744	13.3586	1.24932	774.54	0.96766	3.28	0
454	13:51:46.19	21.2840	13.80533	25.98	33.46	1.1	0.672756	13.3588	1.24932	774.54	0.96765	3.28	0
455	13:51:46.49	21.2795	13.80645	25.98	33.46	1.1	0.672810	13.3587	1.24924	774.52	0.96757	3.28	0
456	13:51:46.79	21.2860	13.80491	25.98	33.46	1.1	0.672732	13.3587	1.24936	774.54	0.96768	3.28	0
457	13:51:47.09	21.2820	13.80589	25.98	33.46	1.1	0.672780	13.3591	1.24932	774.54	0.96764	3.28	0
458	13:51:47.39	21.2835	13.80547	25.98	33.46	1.1	0.672762	13.3587	1.24932	774.52	0.96764	3.28	0
459	13:51:47.69	21.2830	13.80561	25.98	33.46	1.1	0.672768	13.3588	1.24932	774.54	0.96763	3.28	0
460	13:51:47.99	21.2830	13.80561	25.98	33.46	1.1	0.672768	13.3591	1.24932	774.54	0.96766	3.28	0
461	13:51:48.29	21.2820	13.80589	25.98	33.46	1.1	0.672780	13.3585	1.24928	774.52	0.96760	3.28	0
462	13:51:48.59	21.2825	13.80568	25.98	33.46	1.1	0.672768	13.3586	1.24932	774.52	0.96761	3.28	0
463	13:51:48.89	21.2820	13.80589	25.98	33.46	1.1	0.672780	13.3594	1.24932	774.54	0.96766	3.28	0
464	13:51:49.19	21.2835	13.80547	25.98	33.46	1.1	0.672762	13.3590	1.24932	774.54	0.96766	3.28	0
465	13:51:49.49	21.2815	13.80596	25.98	33.46	1.1	0.672786	13.3596	1.24932	774.56	0.96767	3.28	0
466	13:51:49.79	21.2795	13.80638	25.98	33.46	1.1	0.672804	13.3595	1.24932	774.54	0.96763	3.28	0
467	13:51:50.09	21.2810	13.80610	25.98	33.46	1.1	0.672792	13.3591	1.24932	774.52	0.96762	3.28	0
468	13:51:50.39	21.2795	13.80645	25.98	33.46	1.1	0.672810	13.3591	1.24932	774.52	0.96760	3.28	0
469	13:51:50.69	21.2815	13.80589	25.99	33.46	1.1	0.672786	13.3597	1.24936	774.54	0.96768	3.28	0
470	13:51:50.99	21.2805	13.80610	25.99	33.46	1.1	0.672798	13.3594	1.24932	774.52	0.96764	3.28	0
471	13:51:51.29	21.2815	13.80596	25.98	33.46	1.1	0.672786	13.3598	1.24936	774.56	0.96769	3.28	0
472	13:51:51.59	21.2790	13.80652	25.98	33.46	1.1	0.672810	13.3600	1.24932	774.54	0.96766	3.28	0
473	13:51:51.89	21.2780	13.80673	25.98	33.46	1.1	0.672822	13.3598	1.24932	774.54	0.96763	3.28	0
474	13:51:52.19	21.2785	13.80673	25.98	33.46	1.1	0.672822	13.3598	1.24932	774.52	0.96763	3.28	0
475	13:51:52.49	21.2765	13.80708	25.99	33.46	1.1	0.672840	13.3601	1.24932	774.52	0.96763	3.28	0
476	13:51:52.79	21.2775	13.80687	25.99	33.46	1.1	0.672834	13.3599	1.24928	774.54	0.96763	3.28	0
477	13:51:53.09	21.2775	13.80687	25.98	33.46	1.1	0.672828	13.3603	1.24932	774.54	0.96766	3.28	0
478	13:51:53.39	21.2770	13.80701	25.98	33.46	1.1	0.672834	13.3600	1.24932	774.52	0.96763	3.28	0
479	13:51:53.69	21.2765	13.80715	25.98	33.46	1.1	0.672846	13.3601	1.24932	774.52	0.96763	3.28	0
480	13:51:53.99	21.2755	13.80736	25.98	33.46	1.1	0.672852	13.3605	1.24932	774.54	0.96764	3.28	0
481	13:51:54.29	21.2770	13.80694	25.98	33.46	1.1	0.672834	13.3605	1.24932	774.54	0.96767	3.28	0
482	13:51:54.59	21.2775	13.80694	25.98	33.46	1.1	0.672834	13.3603	1.24932	774.54	0.96765	3.28	0
483	13:51:54.89	21.2745	13.80757	25.98	33.46	1.1	0.672864	13.3608	1.24932	774.54	0.96764	3.28	0
484	13:51:55.19	21.2770	13.80708	25.98	33.46	1.1	0.672840	13.3610	1.24936	774.56	0.96769	3.28	0
485	13:51:55.49	21.2730	13.80799	25.98	33.46	1.1	0.672882	13.3615	1.24932	774.54	0.96766	3.28	0
486	13:51:55.79	21.2740	13.80771	25.98	33.46	1.1	0.672870	13.3616	1.24936	774.56	0.96769	3.28	0
487	13:51:56.09	21.2745	13.80757	25.98	33.46	1.1	0.672864	13.3607	1.24932	774.54	0.96764	3.28	0
488	13:51:56.39	21.2755	13.80736	25.98	33.46	1.1	0.672852	13.3608	1.24932	774.54	0.96766	3.28	0
489	13:51:56.69	21.2740	13.80778	25.98	33.46	1.1	0.672876	13.3611	1.24932	774.54	0.96765	3.28	0
490	13:51:56.99	21.2735	13.80785	25.98	33.46	1.1	0.672876	13.3617	1.24936	774.56	0.96769	3.28	0
491	13:51:57.29	21.2745	13.80764	25.98	33.46	1.1	0.672864	13.3616	1.24936	774.54	0.96770	3.28	0
492	13:51:57.59	21.2720	13.80827	25.98	33.46	1.1	0.672894	13.3616	1.24932	774.54	0.96765	3.28	0
493	13:51:57.89	21.2720	13.80827	25.98	33.46	1.1	0.672900	13.3619	1.24936	774.54	0.96768	3.28	0
494	13:51:58.19	21.2730	13.80799	25.98	33.46	1.1	0.672882	13.3619	1.24936	774.56	0.96769	3.28	0
495	13:51:58.49	21.2765	13.80722	25.98	33.46	1.1	0.672846	13.3614	1.24936	774.56	0.96772	3.28	0
496	13:51:58.79	21.2700	13.80869	25.98	33.46	1.1	0.672918	13.3623	1.24936	774.54	0.96767	3.28	0
497	13:51:59.09	21.2710	13.80848	25.98	33.46	1.1	0.672906	13.3620	1.24932	774.56	0.96767	3.28	0
498	13:51:59.39	21.2730	13.80799	25.98	33.46	1.1	0.672882	13.3622	1.24936	774.56	0.96772	3.28	0
499	13:51:59.69	21.2710	13.80848	25.98	33.46	1.1	0.672906	13.3619	1.24932	774.54	0.96766	3.28	0
500	13:51:59.99	21.2710	13.80841	25.98	33.46	1.1	0.672906	13.3620	1.24932	774.56	0.96767	3.28	0
501	13:52:00.29	21.2710	13.80848	25.98	33.46	1.1	0.672912	13.3623	1.24936	774.56	0.96769	3.28	0
502	13:52:00.59	21.2715	13.80841	25.98	33.46	1.1	0.672906	13.3621	1.24936	774.54	0.96767	3.28	0
503	13:52:00.89	21.2720	13.80827	25.98	33.46	1.1	0.672900	13.3619	1.24936	774.54	0.96767	3.28	0
504	13:52:01.19	21.2700	13.80869	25.98	33.46	1.1	0.672918	13.3624	1.24936	774.54	0.96768	3.28	0
505	13:52:01.49	21.2720	13.80820	25.98	33.46	1.1	0.672894	13.3623	1.24936	774.56	0.96770	3.28	0
506	13:52:01.79	21.2695	13.80883	25.98	33.46	1.1	0.672924	13.3628	1.24936	774.56	0.96770	3.28	0
507	13:52:02.09	21.2655	13.80974	25.98	33.46	1.1	0.672972	13.3629	1.24932	774.54	0.96764	3.28	0
508	13:52:02.39	21.2695	13.80883	25.98	33.46	1.1	0.672924	13.3628	1.24936	774.56	0.96770	3.28	0
509	13:52:02.69	21.2685	13.80904	25.98	33.46	1.1	0.672936	13.3632	1.24936	774.56	0.96772	3.28	0
510	13:52:02.99	21.2670	13.80939	25.98	33.46	1.1	0.672954	13.3629	1.24932	774.54	0.96766	3.28	0
511	13:52:03.29	21.2675	13.80932	25.98	33.46	1.1	0.672948	13.3629	1.24932	774.56	0.96767	3.28	0
512	13:52:03.59	21.2700	13.80876	25.98	33.46	1.1	0.672918	13.3628	1.24936	774.56	0.96770	3.28	0
513	13:52:03.89	21.2665	13.80953	25.98	33.46	1.1	0.672960	13.3635	1.24936	774.56	0.96770	3.28	0
514	13:52:04.19	21.2675	13.80925	25.98	33.46	1.1	0.672948	13.3627	1.24932	774.54	0.96766	3.28	0
515	13:52:04.49	21.2660	13.80960	25.98	33.46	1.1	0.672966	13.3629	1.24932	774.54	0.96766	3.28	0
516	13:52:04.79	21.2655	13.80981	25.98	33.46	1.1	0.672972	13.3636	1.24932	774.56	0.96769	3.28	0
517	13:52:05.09	21.2665	13.80946	25.98	33.46	1.1	0.672960	13.3631	1.24932	774.56	0.96767	3.28	0
518	13:52:05.39	21.2655	13.80981	25.98	33.46	1.1	0.672972	13.3639	1.24936	774.56	0.96771	3.28	0
519	13:52:05.69	21.2675	13.80932	25.98	33.46	1.1	0.672948	13.3639	1.24940	774.58	0.96775	3.28	0
520	13:52:05.99	21.2655	13.80974	25.98	33.46	1.1	0.672966	13.3638	1.24936	774.56	0.96771	3.28	0
521	13:52:06.29	21.2655	13.80981	25.98	33.46	1.1	0.672972	13.3642	1.24936	774.58	0.96773	3.28	0
522	13:52:06.59	21.2645	13.81002	25.98	33.46	1.1	0.672984	13.3640	1.24936	774.56	0.96770	3.28	0
523	13:52:06.89	21.2645	13.80995	25.99	33.46	1.1	0.672984	13.3644	1.24936	774.58	0.96774	3.28	0
524	13:52:07.19	21.2655	13.80974	25.99	33.46	1.1	0.672972	13.3641	1.24940	774.56	0.96773	3.28	0
525	13:52:07.49	21.2610	13.81086	25.98	33.46	1.1	0.673020	13.3648	1.24936	774.56	0.96770	3.28	0
526	13:52:07.79	21.2630	13.81044	25.98	33.46	1.1	0.673002	13.3638	1.24932	774.54	0.96766	3.28	0
527	13:52:08.09	21.2610	13.81079	25.99	33.46	1.1	0.673020	13.3641	1.24932	774.54	0.96766	3.28	0
528	13:52:08.39	21.2615	13.81072	25.99	33.46	1.1	0.673020	13.3643	1.24932	774.56	0.96767	3.28	0
529	13:52:08.69	21.2615	13.81079	25.98	33.46	1.1	0.673020	13.3645	1.24936	774.56	0.96769	3.28	0
530	13:52:08.99	21.2610	13.81093	25.98	33.46	1.1	0.673026	13.3646	1.24936	774.54	0.96769	3.28	0
531	13:52:09.29	21.2590	13.81135	25.98	33.46	1.1	0.673050	13.3645	1.24932	774.54	0.96764	3.28	0
532	13:52:09.59	21.2605	13.81093	25.98	33.46	1.1	0.673026	13.3646	1.24936	774.54	0.96768	3.28	0
533	13:52:09.89	21.2605	13.81100	25.98	33.46	1.1	0.673032	13.3649	1.24936	774.56	0.96770	3.28	0
534	13:52:10.19	21.2615	13.81079	25.98	33.46	1.1	0.673020	13.3645	1.24936	774.56	0.96769	3.28	0
535	13:52:10.49	21.2595	13.81121	25.98	33.46	1.1	0.673044	13.3647	1.24932	774.56	0.96767	3.28	0
536	13:52:10.79	21.2595	13.81121	25.98	33.46	1.1	0.673038	13.3650	1.24936	774.54	0.96769	3.28	0
537	13:52:11.09	21.2575	13.81170	25.98	33.46	1.1	0.673068	13.3650	1.24932	774.54	0.96766	3.28	0
538	13:52:11.39	21.2575	13.81163	25.98	33.46	1.1	0.673062	13.3654	1.24936	774.56	0.96769	3.28	0
539	13:52:11.69	21.2580	13.81149	25.99	33.46	1.1	0.673056	13.3650	1.24936	774.54	0.96768	3.28	0
540	13:52:11.99	21.2565	13.81184	25.99	33.46	1.1	0.673074	13.3652	1.24932	774.54	0.96766	3.28	0
541	13:52:12.29	21.2560	13.81198	25.99	33.46	1.1	0.673080	13.3658	1.24936	774.56	0.96770	3.28	0
542	13:52:12.59	21.2560	13.81198	25.99	33.46	1.1	0.673080	13.3660	1.24936	774.56	0.96771	3.28	0
543	13:52:12.89	21.2580	13.81149	25.99	33.46	1.1	0.673056	13.3656	1.24936	774.56	0.96772	3.28	0
544	13:52:13.19	21.2545	13.81233	25.99	33.46	1.1	0.673098	13.3659	1.24932	774.56	0.96768	3.28	0
545	13:52:13.49	21.2585	13.81142	25.99	33.46	1.1	0.673050	13.3655	1.24936	774.56	0.96772	3.28	0
546	13:52:13.79	21.2555	13.81219	25.99	33.46	1.1	0.673092	13.3657	1.24932	774.56	0.96768	3.28	0
547	13:52:14.09	21.2545	13.81240	25.98	33.46	1.1	0.673098	13.3662	1.24936	774.56	0.96770	3.28	0
548	13:52:14.39	21.2565	13.81191	25.98	33.46	1.1	0.673074	13.3658	1.24936	774.56	0.96770	3.28	0
549	13:52:14.69	21.2530	13.81275	25.98	33.46	1.1	0.673116	13.3660	1.24932	774.54	0.96766	3.28	0
550	13:52:14.99	21.2545	13.81240	25.98	33.46	1.1	0.673098	13.3660	1.24936	774.56	0.96769	3.28	0
551	13:52:15.29	21.2535	13.81268	25.98	33.46	1.1	0.673110	13.3665	1.24936	774.56	0.96770	3.28	0
552	13:52:15.59	21.2560	13.81212	25.98	33.46	1.1	0.673086	13.3661	1.24936	774.56	0.96771	3.28	0
553	13:52:15.89	21.2530	13.81275	25.98	33.46	1.1	0.673116	13.3666	1.24936	774.56	0.96770	3.28	0
554	13:52:16.19	21.2520	13.81310	25.98	33.46	1.1	0.673134	13.3663	1.24932	774.54	0.96766	3.28	0
555	13:52:16.49	21.2555	13.81212	25.99	33.46	1.1	0.673086	13.3661	1.24936	774.56	0.96770	3.28	0
556	13:52:16.79	21.2560	13.81198	25.99	33.46	1.1	0.673080	13.3659	1.24936	774.56	0.96770	3.28	0
557	13:52:17.09	21.2555	13.81219	25.98	33.46	1.1	0.673086	13.3657	1.24932	774.56	0.96767	3.28	0
558	13:52:17.39	21.2535	13.81268	25.98	33.46	1.1	0.673116	13.3657	1.24932	774.52	0.96763	3.28	0
559	13:52:17.69	21.2530	13.81275	25.98	33.46	1.1	0.673116	13.3664	1.24936	774.56	0.96769	3.28	0
560	13:52:17.99	21.2505	13.81338	25.98	33.46	1.1	0.673146	13.3669	1.24936	774.54	0.96768	3.28	0
561	13:52:18.29	21.2500	13.81345	25.99	33.46	1.1	0.673152	13.3668	1.24932	774.54	0.96766	3.28	0
562	13:52:18.59	21.2515	13.81310	25.99	33.46	1.1	0.673134	13.3668	1.24936	774.56	0.96770	3.28	0
563	13:52:18.89	21.2500	13.81352	25.98	33.46	1.1	0.673152	13.3675	1.24936	774.56	0.96771	3.28	0
564	13:52:19.19	21.2515	13.81317	25.98	33.46	1.1	0.673134	13.3669	1.24936	774.56	0.96770	3.28	0
565	13:52:19.49	21.2490	13.81373	25.99	33.46	1.1	0.673164	13.3670	1.24932	774.54	0.96766	3.28	0
566	13:52:19.79	21.2470	13.81415	25.99	33.46	1.1	0.673188	13.3668	1.24932	774.52	0.96763	3.28	0
567	13:52:20.09	21.2475	13.81408	25.99	33.46	1.1	0.673182	13.3673	1.24932	774.54	0.96766	3.28	0
568	13:52:20.39	21.2490	13.81373	25.99	33.46	1.1	0.673164	13.3675	1.24936	774.56	0.96770	3.28	0
569	13:52:20.69	21.2485	13.81380	25.99	33.46	1.1	0.673170	13.3671	1.24932	774.56	0.96766	3.28	0
570	13:52:20.99	21.2490	13.81373	25.99	33.46	1.1	0.673164	13.3671	1.24932	774.54	0.96767	3.28	0
571	13:52:21.29	21.2470	13.81408	25.99	33.46	1.1	0.673188	13.3682	1.24936	774.58	0.96772	3.28	0
572	13:52:21.59	21.2480	13.81387	25.99	33.46	1.1	0.673176	13.3673	1.24932	774.56	0.96767	3.28	0
573	13:52:21.89	21.2500	13.81338	25.99	33.46	1.1	0.673152	13.3668	1.24932	774.56	0.96767	3.28	0
574	13:52:22.19	21.2475	13.81401	25.99	33.46	1.1	0.673182	13.3674	1.24932	774.56	0.96767	3.28	0
575	13:52:22.49	21.2460	13.81443	25.99	33.46	1.1	0.673200	13.3680	1.24932	774.56	0.96768	3.28	0
576	13:52:22.79	21.2455	13.81457	25.99	33.46	1.1	0.673206	13.3678	1.24932	774.56	0.96766	3.28	0
577	13:52:23.09	21.2470	13.81422	25.99	33.46	1.1	0.673188	13.3679	1.24936	774.56	0.96769	3.28	0
578	13:52:23.39	21.2435	13.81492	25.99	33.46	1.1	0.673224	13.3686	1.24932	774.56	0.96769	3.28	0
579	13:52:23.69	21.2460	13.81443	25.99	33.46	1.1	0.673200	13.3679	1.24932	774.56	0.96768	3.28	0
580	13:52:23.99	21.2460	13.81436	25.99	33.46	1.1	0.673200	13.3681	1.24936	774.56	0.96770	3.28	0
581	13:52:24.29	21.2455	13.81450	25.99	33.46	1.1	0.673206	13.3681	1.24936	774.56	0.96769	3.28	0
582	13:52:24.59	21.2450	13.81457	25.99	33.46	1.1	0.673212	13.3682	1.24932	774.56	0.96769	3.28	0
583	13:52:24.89	21.2430	13.81513	25.99	33.46	1.1	0.673236	13.3682	1.24932	774.56	0.96766	3.28	0
584	13:52:25.19	21.2405	13.81576	25.99	33.46	1.1	0.673266	13.3682	1.24928	774.52	0.96761	3.28	0
585	13:52:25.49	21.2430	13.81506	25.99	33.46	1.1	0.673230	13.3682	1.24932	774.54	0.96766	3.28	0
586	13:52:25.79	21.2420	13.81534	25.99	33.46	1.1	0.673242	13.3685	1.24932	774.54	0.96765	3.28	0
587	13:52:26.09	21.2380	13.81625	25.99	33.46	1.1	0.673290	13.3689	1.24932	774.52	0.96762	3.28	0
588	13:52:26.39	21.2435	13.81499	25.99	33.46	1.1	0.673230	13.3684	1.24932	774.56	0.96767	3.28	0
589	13:52:26.69	21.2395	13.81597	25.99	33.46	1.1	0.673278	13.3686	1.24928	774.54	0.96762	3.28	0
590	13:52:26.99	21.2400	13.81583	25.99	33.46	1.1	0.673272	13.3687	1.24932	774.54	0.96764	3.28	0
591	13:52:27.29	21.2400	13.81583	25.99	33.46	1.1	0.673266	13.3689	1.24932	774.54	0.96766	3.28	0
592	13:52:27.59	21.2420	13.81534	25.99	33.46	1.1	0.673242	13.3689	1.24932	774.56	0.96769	3.28	0
593	13:52:27.89	21.2425	13.81527	25.99	33.46	1.1	0.673242	13.3682	1.24932	774.54	0.96764	3.28	0
594	13:52:28.19	21.2420	13.81534	25.99	33.46	1.1	0.673242	13.3687	1.24932	774.56	0.96767	3.28	0
595	13:52:28.49	21.2420	13.81541	25.99	33.46	1.1	0.673248	13.3694	1.24936	774.58	0.96772	3.28	0
596	13:52:28.79	21.2395	13.81597	25.99	33.46	1.1	0.673278	13.3696	1.24936	774.56	0.96769	3.28	0
597	13:52:29.09	21.2385	13.81618	25.99	33.46	1.1	0.673290	13.3692	1.24932	774.54	0.96764	3.28	0
598	13:52:29.39	21.2375	13.81646	25.99	33.46	1.1	0.673302	13.3696	1.24932	774.54	0.96766	3.28	0
599	13:52:29.69	21.2400	13.81590	25.99	33.46	1.1	0.673272	13.3690	1.24932	774.54	0.96765	3.28	0
600	13:52:29.99	21.2400	13.81590	25.99	33.46	1.1	0.673272	13.3689	1.24932	774.54	0.96764	3.28	0
601	13:52:30.29	21.2395	13.81597	25.99	33.46	1.1	0.673272	13.3691	1.24932	774.54	0.96766	3.28	0
602	13:52:30.59	21.2375	13.81639	25.99	33.46	1.1	0.673296	13.3695	1.24932	774.56	0.96766	3.28	0
603	13:52:30.89	21.2370	13.81653	25.99	33.46	1.1	0.673302	13.3701	1.24932	774.56	0.96769	3.28	0
604	13:52:31.19	21.2355	13.81688	25.99	33.46	1.1	0.673320	13.3704	1.24936	774.56	0.96769	3.28	0
605	13:52:31.49	21.2370	13.81660	25.99	33.46	1.1	0.673308	13.3698	1.24932	774.54	0.96766	3.28	0
606	13:52:31.79	21.2400	13.81590	25.99	33.46	1.1	0.673272	13.3699	1.24936	774.58	0.96772	3.28	0
607	13:52:32.09	21.2360	13.81681	25.99	33.46	1.1	0.673314	13.3703	1.24936	774.56	0.96769	3.28	0
608	13:52:32.39	21.2375	13.81639	25.99	33.46	1.1	0.673296	13.3701	1.24936	774.56	0.96770	3.28	0
609	13:52:32.69	21.2345	13.81716	25.99	33.46	1.1	0.673338	13.3706	1.24932	774.56	0.96768	3.28	0
610	13:52:32.99	21.2370	13.81660	25.99	33.46	1.1	0.673308	13.3699	1.24932	774.56	0.96767	3.28	0
611	13:52:33.29	21.2355	13.81688	25.99	33.46	1.1	0.673320	13.3702	1.24932	774.54	0.96767	3.28	0
612	13:52:33.59	21.2360	13.81674	25.99	33.46	1.1	0.673314	13.3703	1.24936	774.56	0.96769	3.28	0
613	13:52:33.89	21.2345	13.81716	25.99	33.46	1.1	0.673332	13.3706	1.24936	774.54	0.96768	3.28	0
614	13:52:34.19	21.2325	13.81758	25.99	33.46	1.1	0.673356	13.3713	1.24932	774.58	0.96770	3.28	0
615	13:52:34.49	21.2340	13.81730	25.99	33.46	1.1	0.673338	13.3709	1.24932	774.56	0.96770	3.28	0
616	13:52:34.79	21.2315	13.81786	25.99	33.46	1.1	0.673368	13.3710	1.24932	774.56	0.96767	3.28	0
617	13:52:35.09	21.2340	13.81723	25.99	33.46	1.1	0.673338	13.3715	1.24936	774.58	0.96775	3.28	0
618	13:52:35.39	21.2305	13.81814	25.99	33.46	1.1	0.673380	13.3715	1.24932	774.56	0.96768	3.28	0
619	13:52:35.69	21.2340	13.81730	25.99	33.46	1.1	0.673338	13.3708	1.24932	774.56	0.96769	3.28	0
620	13:52:35.99	21.2325	13.81765	25.99	33.46	1.1	0.673356	13.3712	1.24936	774.56	0.96769	3.28	0
621	13:52:36.29	21.2325	13.81758	25.99	33.46	1.1	0.673356	13.3712	1.24936	774.56	0.96769	3.28	0
622	13:52:36.59	21.2315	13.81786	25.99	33.46	1.1	0.673368	13.3719	1.24936	774.58	0.96773	3.28	0
623	13:52:36.89	21.2335	13.81744	25.99	33.46	1.1	0.673350	13.3718	1.24940	774.58	0.96775	3.28	0
624	13:52:37.19	21.2295	13.81828	25.99	33.46	1.1	0.673392	13.3723	1.24936	774.58	0.96773	3.28	0
625	13:52:37.49	21.2300	13.81821	25.99	33.46	1.1	0.673386	13.3719	1.24936	774.56	0.96770	3.28	0
626	13:52:37.79	21.2325	13.81772	25.99	33.46	1.1	0.673362	13.3719	1.24936	774.58	0.96774	3.28	0
627	13:52:38.09	21.2310	13.81800	25.99	33.46	1.1	0.673374	13.3722	1.24936	774.58	0.96773	3.28	0
628	13:52:38.39	21.2310	13.81800	25.99	33.46	1.1	0.673374	13.3718	1.24936	774.58	0.96771	3.28	0
629	13:52:38.69	21.2315	13.81786	25.99	33.46	1.1	0.673368	13.3715	1.24936	774.56	0.96769	3.28	0
630	13:52:38.99	21.2320	13.81772	25.99	33.46	1.1	0.673362	13.3720	1.24936	774.58	0.96774	3.28	0
631	13:52:39.29	21.2260	13.81912	25.99	33.46	1.1	0.673434	13.3728	1.24936	774.56	0.96770	3.28	0
632	13:52:39.59	21.2305	13.81814	25.99	33.46	1.1	0.673380	13.3724	1.24936	774.58	0.96774	3.28	0
633	13:52:39.89	21.2280	13.81877	25.99	33.46	1.1	0.673410	13.3728	1.24936	774.58	0.96773	3.28	0
634	13:52:40.19	21.2300	13.81828	25.99	33.46	1.1	0.673386	13.3724	1.24936	774.58	0.96774	3.28	0
635	13:52:40.49	21.2275	13.81884	25.99	33.46	1.1	0.673416	13.3726	1.24936	774.58	0.96771	3.28	0
636	13:52:40.79	21.2260	13.81926	25.99	33.46	1.1	0.673434	13.3729	1.24936	774.56	0.96770	3.28	0
637	13:52:41.09	21.2295	13.81835	25.99	33.46	1.1	0.673392	13.3726	1.24936	774.58	0.96774	3.28	0
638	13:52:41.39	21.2280	13.81870	25.99	33.48	1.1	0.673410	13.3727	1.24936	774.58	0.96772	3.28	0
639	13:52:41.69	21.2285	13.81863	25.99	33.48	1.1	0.673404	13.3726	1.24936	774.56	0.96772	3.28	0
640	13:52:41.99	21.2240	13.81968	25.99	33.48	1.1	0.673458	13.3729	1.24932	774.56	0.96767	3.28	0
641	13:52:42.29	21.2250	13.81940	25.99	33.48	1.1	0.673446	13.3727	1.24932	774.56	0.96767	3.28	0
642	13:52:42.59	21.2250	13.81940	25.99	33.46	1.1	0.673446	13.3732	1.24936	774.56	0.96771	3.28	0
643	13:52:42.89	21.2285	13.81863	25.99	33.46	1.1	0.673404	13.3730	1.24940	774.58	0.96775	3.28	0
644	13:52:43.19	21.2255	13.81933	25.99	33.46	1.1	0.673440	13.3728	1.24936	774.56	0.96769	3.28	0
645	13:52:43.49	21.2260	13.81919	25.99	33.46	1.1	0.673434	13.3730	1.24936	774.58	0.96772	3.28	0
646	13:52:43.79	21.2235	13.81975	25.99	33.46	1.1	0.673458	13.3738	1.24936	774.58	0.96773	3.28	0
647	13:52:44.09	21.2240	13.81961	25.99	33.46	1.1	0.673452	13.3731	1.24932	774.56	0.96769	3.28	0
648	13:52:44.39	21.2235	13.81982	25.99	33.48	1.1	0.673464	13.3732	1.24932	774.56	0.96768	3.28	0
649	13:52:44.69	21.2250	13.81947	25.99	33.48	1.1	0.673446	13.3730	1.24936	774.56	0.96769	3.28	0
650	13:52:44.99	21.2235	13.81982	25.99	33.46	1.1	0.673464	13.3737	1.24936	774.58	0.96772	3.28	0
651	13:52:45.29	21.2235	13.81982	25.99	33.46	1.1	0.673464	13.3733	1.24936	774.56	0.96769	3.28	0
652	13:52:45.59	21.2230	13.81989	25.99	33.46	1.1	0.673464	13.3733	1.24932	774.56	0.96769	3.28	0
653	13:52:45.89	21.2245	13.81961	25.99	33.46	1.1	0.673452	13.3729	1.24932	774.56	0.96768	3.28	0
654	13:52:46.19	21.2205	13.82052	25.99	33.48	1.1	0.673500	13.3738	1.24932	774.56	0.96768	3.28	0
655	13:52:46.49	21.2235	13.81975	25.99	33.48	1.1	0.673464	13.3738	1.24936	774.58	0.96773	3.28	0
656	13:52:46.79	21.2240	13.81968	25.99	33.46	1.1	0.673458	13.3734	1.24936	774.58	0.96771	3.28	0
657	13:52:47.09	21.2240	13.81968	25.99	33.46	1.1	0.673458	13.3738	1.24936	774.58	0.96774	3.28	0
658	13:52:47.39	21.2215	13.82024	25.99	33.46	1.1	0.673482	13.3743	1.24936	774.58	0.96773	3.28	0
659	13:52:47.69	21.2190	13.82087	25.99	33.46	1.1	0.673512	13.3741	1.24932	774.56	0.96767	3.28	0
660	13:52:47.99	21.2210	13.82038	25.99	33.46	1.1	0.673494	13.3741	1.24936	774.56	0.96770	3.28	0
661	13:52:48.29	21.2230	13.81989	25.99	33.46	1.1	0.673470	13.3741	1.24940	774.58	0.96775	3.28	0
662	13:52:48.59	21.2205	13.82052	25.99	33.46	1.1	0.673500	13.3743	1.24936	774.56	0.96771	3.28	0
663	13:52:48.89	21.2195	13.82073	25.99	33.46	1.1	0.673506	13.3748	1.24936	774.58	0.96773	3.28	0
664	13:52:49.19	21.2195	13.82073	25.99	33.46	1.1	0.673512	13.3744	1.24936	774.56	0.96770	3.28	0
665	13:52:49.49	21.2190	13.82087	25.99	33.46	1.1	0.673518	13.3748	1.24936	774.58	0.96772	3.28	0
666	13:52:49.79	21.2180	13.82108	25.99	33.46	1.1	0.673524	13.3744	1.24932	774.56	0.96768	3.28	0
667	13:52:50.09	21.2225	13.82010	25.99	33.46	1.1	0.673476	13.3745	1.24940	774.58	0.96775	3.28	0
668	13:52:50.39	21.2190	13.82094	25.99	33.46	1.1	0.673518	13.3748	1.24936	774.58	0.96772	3.28	0
669	13:52:50.69	21.2200	13.82059	26.01	33.46	1.1	0.673506	13.3746	1.24936	774.58	0.96773	3.28	0
670	13:52:50.99	21.2185	13.82087	26.01	33.48	1.1	0.673518	13.3747	1.24936	774.58	0.96772	3.28	0
671	13:52:51.29	21.2170	13.82129	25.99	33.48	1.1	0.673536	13.3757	1.24936	774.60	0.96776	3.28	0
672	13:52:51.59	21.2175	13.82115	25.99	33.48	1.1	0.673530	13.3752	1.24936	774.58	0.96774	3.28	0
673	13:52:51.89	21.2180	13.82108	25.99	33.48	1.1	0.673524	13.3752	1.24936	774.58	0.96774	3.28	0
674	13:52:52.19	21.2160	13.82150	25.99	33.48	1.1	0.673548	13.3754	1.24936	774.58	0.96772	3.28	0
675	13:52:52.49	21.2155	13.82164	25.99	33.48	1.1	0.673554	13.3754	1.24936	774.58	0.96771	3.28	0
676	13:52:52.79	21.2175	13.82129	25.99	33.46	1.1	0.673536	13.3754	1.24936	774.58	0.96774	3.28	0
677	13:52:53.09	21.2165	13.82143	25.99	33.46	1.1	0.673542	13.3752	1.24936	774.58	0.96771	3.28	0
678	13:52:53.39	21.2140	13.82199	25.99	33.48	1.1	0.673572	13.3753	1.24932	774.56	0.96768	3.28	0
679	13:52:53.69	21.2145	13.82185	25.99	33.48	1.1	0.673566	13.3755	1.24936	774.56	0.96770	3.28	0
680	13:52:53.99	21.2125	13.82248	25.99	33.46	1.1	0.673596	13.3759	1.24936	774.56	0.96770	3.28	0
681	13:52:54.29	21.2050	13.82416	25.99	33.46	1.1	0.673674	13.3776	1.24932	774.56	0.96769	3.28	0
682	13:52:54.59	21.1790	13.83046	25.99	33.46	1.1	0.673986	13.3834	1.24932	774.56	0.96768	3.28	0
683	13:52:54.89	16.4410	15.02368	25.99	33.46	1.1	0.732132	14.5529	1.24936	775.34	0.96867	3.28	0
684	13:52:55.19	8.1805	17.48901	25.99	33.48	1.1	0.852270	16.9669	1.24932	776.54	0.97015	3.28	0
685	13:52:55.49	3.7685	19.02495	25.99	33.48	1.1	0.927120	18.4735	1.24932	777.24	0.97101	3.28	0
686	13:52:55.79	1.8195	19.77542	25.99	33.62	1.1	0.963702	19.2105	1.24932	777.56	0.97144	3.28	0
687	13:52:56.09	0.9360	20.13634	25.99	33.62	1.1	0.981288	19.5642	1.24928	777.70	0.97159	3.28	0
688	13:52:56.39	0.4920	20.32429	25.99	34.09	1.1	0.990486	19.7486	1.24928	777.78	0.97168	3.28	0
689	13:52:56.69	0.3100	20.39758	26.01	34.09	1.1	0.994062	19.8204	1.24928	777.82	0.97171	3.28	0
690	13:52:56.99	0.2320	20.42782	26.01	34.75	1.2	0.995586	19.8509	1.24928	777.84	0.97175	3.28	0
691	13:52:57.29	0.1515	20.45925	25.99	34.75	1.2	0.997116	19.8825	1.24932	777.88	0.97181	3.28	0
692	13:52:57.59	0.0990	20.47899	25.99	35.31	1.2	0.998118	19.9020	1.24932	777.88	0.97183	3.28	0
693	13:52:57.89	0.0740	20.48879	25.99	35.31	1.2	0.998598	19.9110	1.24932	777.86	0.97180	3.28	0
694	13:52:58.19	0.0610	20.49299	25.99	35.86	1.2	0.998844	19.9156	1.24932	777.90	0.97183	3.28	0
695	13:52:58.49	0.0570	20.49446	26.01	35.86	1.2	0.998922	19.9177	1.24932	777.90	0.97186	3.28	0
696	13:52:58.79	0.0505	20.49607	26.01	36.35	1.2	0.999036	19.9185	1.24932	777.88	0.97182	3.28	0
697	13:52:59.09	0.0485	20.49698	25.99	36.35	1.2	0.999078	19.9193	1.24932	777.88	0.97182	3.28	0
698	13:52:59.39	0.0480	20.49663	25.99	36.75	1.2	0.999090	19.9190	1.24932	777.88	0.97181	3.28	0
699	13:52:59.69	0.0470	20.49698	25.99	36.75	1.2	0.999108	19.9194	1.24932	777.88	0.97182	3.28	0
700	13:52:59.99	0.0460	20.49698	25.99	37.06	1.2	0.999132	19.9188	1.24928	777.88	0.97179	3.28	0
701	13:53:00.29	0.0465	20.49677	25.99	37.06	1.2	0.999120	19.9191	1.24932	777.88	0.97182	3.28	0
702	13:53:00.59	0.0455	20.49649	25.99	37.42	1.3	0.999132	19.9197	1.24932	777.90	0.97186	3.28	0
703	13:53:00.89	0.0445	20.49684	26.01	37.42	1.3	0.999150	19.9191	1.24928	777.88	0.97181	3.28	0
704	13:53:01.19	0.0425	20.49726	26.01	37.69	1.3	0.999192	19.9188	1.24928	777.88	0.97178	3.28	0
705	13:53:01.49	0.0420	20.49740	26.01	37.69	1.3	0.999198	19.9200	1.24932	777.88	0.97183	3.28	0
706	13:53:01.79	0.0405	20.49775	26.01	37.88	1.3	0.999234	19.9193	1.24928	777.86	0.97178	3.28	0
707	13:53:02.09	0.0405	20.49761	26.01	37.88	1.3	0.999228	19.9196	1.24932	777.88	0.97180	3.28	0
708	13:53:02.39	0.0400	20.49761	26.01	38.08	1.3	0.999240	19.9198	1.24932	777.88	0.97181	3.28	0
709	13:53:02.69	0.0425	20.49677	25.99	38.08	1.3	0.999198	19.9195	1.24932	777.90	0.97183	3.28	0
710	13:53:02.99	0.0380	20.49824	25.99	38.22	1.3	0.999276	19.9197	1.24928	777.88	0.97178	3.28	0
711	13:53:03.29	0.0425	20.49642	26.01	38.22	1.3	0.999192	19.9196	1.24932	777.90	0.97186	3.28	0
712	13:53:03.59	0.0395	20.49726	26.01	38.38	1.3	0.999246	19.9199	1.24932	777.90	0.97183	3.28	0
713	13:53:03.89	0.0390	20.49747	25.99	38.38	1.3	0.999252	19.9193	1.24928	777.88	0.97180	3.28	0
714	13:53:04.19	0.0390	20.49740	25.99	38.52	1.3	0.999258	19.9200	1.24932	777.90	0.97183	3.28	0
715	13:53:04.49	0.0395	20.49712	25.99	38.52	1.3	0.999246	19.9191	1.24932	777.88	0.97180	3.28	0
716	13:53:04.79	0.0390	20.49733	25.99	38.60	1.3	0.999264	19.9196	1.24932	777.88	0.97181	3.28	0
717	13:53:05.09	0.0385	20.49754	25.99	38.60	1.3	0.999270	19.9202	1.24932	777.90	0.97184	3.28	0
718	13:53:05.39	0.0375	20.49754	25.99	38.75	1.3	0.999288	19.9199	1.24932	777.88	0.97182	3.28	0
719	13:53:05.69	0.0370	20.49768	26.01	38.75	1.3	0.999294	19.9201	1.24932	777.90	0.97182	3.28	0
720	13:53:05.99	0.0390	20.49677	26.01	38.85	1.3	0.999258	19.9194	1.24932	777.88	0.97183	3.28	0
721	13:53:06.29	0.0365	20.49768	26.01	38.85	1.3	0.999300	19.9195	1.24928	777.88	0.97179	3.28	0
722	13:53:06.59	0.0375	20.49712	26.01	38.98	1.3	0.999288	19.9195	1.24932	777.88	0.97182	3.28	0
723	13:53:06.89	0.0365	20.49747	26.01	38.98	1.3	0.999300	19.9195	1.24932	777.88	0.97180	3.28	0
724	13:53:07.19	0.0385	20.49656	26.01	39.10	1.3	0.999264	19.9191	1.24932	777.90	0.97183	3.28	0
725	13:53:07.49	0.0365	20.49733	26.01	39.10	1.3	0.999306	19.9195	1.24928	777.88	0.97181	3.28	0
726	13:53:07.88	0.0390	20.49628	26.01	39.22	1.3	0.999264	19.9186	1.24932	777.88	0.97181	3.28	0
727	13:53:08.22	0.0375	20.49684	26.01	39.22	1.3	0.999288	19.9193	1.24932	777.88	0.97182	3.28	0
728	13:53:08.39	0.0370	20.49684	26.01	39.29	1.3	0.999294	19.9195	1.24932	777.88	0.97183	3.28	0
729	13:53:08.69	0.0375	20.49670	26.01	39.29	1.3	0.999288	19.9196	1.24932	777.90	0.97184	3.28	0
730	13:53:08.99	0.0365	20.49684	26.01	39.35	1.3	0.999300	19.9202	1.24932	777.90	0.97187	3.28	0
731	13:53:09.29	0.0355	20.49747	26.01	39.35	1.3	0.999330	19.9195	1.24932	777.88	0.97181	3.28	0
