Device address	Device ID	Factory Device ID	Firmware	Measurement mode	Gain	Speed	Y_AH_Cal (-)	TF_Cal (V/W)	Temp_Cal (°C)																																				
FF46	D2	12J692	 C3.8	H2   	1.005	Norm 	 0.999466	21.182169	23.924849																																				
Iteration	Time	Output (%)	Transfer (V/W)	Tsens (°C)	RH (%)	AH (kPa)	Corr transfer (-)	Utp (mV)	Ih (mA)	Uh (mV)	Ph (mW)	Usyst (V)	Alarm																																
0	13:49:29.85	0.0525	21.10010	25.18	41.37	1.3	0.999012	22.2437	1.30144	810.02	1.05420	3.26	0
1	13:49:30.56	0.0530	21.09975	25.18	41.37	1.3	0.998994	22.2433	1.30144	810.02	1.05419	3.26	0
2	13:49:30.64	0.0530	21.09975	25.18	41.37	1.3	0.998994	22.2430	1.30144	810.00	1.05418	3.26	0
3	13:49:30.89	0.0550	21.09905	25.18	41.37	1.3	0.998958	22.2428	1.30148	810.02	1.05421	3.26	0
4	13:49:31.19	0.0540	21.09940	25.18	41.37	1.3	0.998976	22.2436	1.30148	810.02	1.05423	3.26	0
5	13:49:31.49	0.0540	21.09947	25.18	41.37	1.3	0.998982	22.2431	1.30144	810.02	1.05420	3.26	0
6	13:49:31.79	0.0515	21.10031	25.18	41.37	1.3	0.999024	22.2433	1.30144	810.00	1.05416	3.26	0
7	13:49:32.09	0.0530	21.09982	25.18	41.37	1.3	0.999000	22.2433	1.30144	810.02	1.05419	3.26	0
8	13:49:32.39	0.0545	21.09919	25.18	41.37	1.3	0.998964	22.2431	1.30148	810.02	1.05422	3.26	0
9	13:49:32.69	0.0545	21.09912	25.18	41.37	1.3	0.998964	22.2431	1.30148	810.02	1.05422	3.26	0
10	13:49:32.99	0.0535	21.09968	25.18	41.37	1.3	0.998988	22.2436	1.30148	810.02	1.05422	3.26	0
11	13:49:33.29	0.0545	21.09919	25.18	41.37	1.3	0.998964	22.2426	1.30148	810.00	1.05419	3.26	0
12	13:49:33.59	0.0520	21.10010	25.18	41.37	1.3	0.999012	22.2424	1.30144	809.98	1.05414	3.26	0
13	13:49:33.89	0.0545	21.09926	25.18	41.37	1.3	0.998970	22.2425	1.30144	810.02	1.05419	3.26	0
14	13:49:34.19	0.0530	21.09989	25.18	41.37	1.3	0.999000	22.2426	1.30144	809.98	1.05416	3.26	0
15	13:49:34.49	0.0520	21.10010	25.18	41.37	1.3	0.999012	22.2422	1.30144	809.98	1.05413	3.26	0
16	13:49:34.79	0.0560	21.09863	25.18	41.37	1.3	0.998940	22.2431	1.30148	810.02	1.05424	3.26	0
17	13:49:35.09	0.0535	21.09961	25.18	41.37	1.3	0.998988	22.2435	1.30148	810.02	1.05421	3.26	0
18	13:49:35.39	0.0540	21.09940	25.18	41.37	1.3	0.998976	22.2431	1.30144	810.02	1.05421	3.26	0
19	13:49:35.69	0.0520	21.10031	25.18	41.37	1.3	0.999018	22.2421	1.30140	809.98	1.05412	3.26	0
20	13:49:35.99	0.0545	21.09912	25.18	41.37	1.3	0.998964	22.2426	1.30144	810.02	1.05420	3.26	0
21	13:49:36.29	0.0535	21.09968	25.18	41.37	1.3	0.998994	22.2428	1.30148	810.00	1.05418	3.26	0
22	13:49:36.59	0.0550	21.09898	25.18	41.37	1.3	0.998958	22.2428	1.30148	810.02	1.05421	3.26	0
23	13:49:36.89	0.0540	21.09940	25.18	41.37	1.3	0.998982	22.2424	1.30144	810.00	1.05417	3.26	0
24	13:49:37.19	0.0550	21.09905	25.18	41.37	1.3	0.998964	22.2425	1.30148	810.00	1.05419	3.26	0
25	13:49:37.49	0.0525	21.10003	25.18	41.37	1.3	0.999006	22.2435	1.30144	810.02	1.05419	3.26	0
26	13:49:37.79	0.0515	21.10038	25.18	41.37	1.3	0.999024	22.2443	1.30148	810.02	1.05422	3.26	0
27	13:49:38.09	0.0515	21.10031	25.18	41.37	1.3	0.999024	22.2432	1.30144	810.00	1.05416	3.26	0
28	13:49:38.39	0.0525	21.09989	25.18	41.37	1.3	0.999000	22.2439	1.30148	810.02	1.05422	3.26	0
29	13:49:38.69	0.0530	21.09975	25.18	41.37	1.3	0.998994	22.2434	1.30148	810.02	1.05421	3.26	0
30	13:49:38.99	0.0545	21.09933	25.18	41.37	1.3	0.998970	22.2425	1.30148	810.00	1.05418	3.26	0
31	13:49:39.29	0.0510	21.10059	25.18	41.37	1.3	0.999030	22.2434	1.30144	810.00	1.05416	3.26	0
32	13:49:39.59	0.0540	21.09947	25.18	41.37	1.3	0.998982	22.2425	1.30144	810.00	1.05418	3.26	0
33	13:49:39.89	0.0525	21.10010	25.18	41.37	1.3	0.999012	22.2431	1.30148	810.00	1.05417	3.26	0
34	13:49:40.19	0.0525	21.10003	25.18	41.37	1.3	0.999006	22.2433	1.30144	810.00	1.05418	3.26	0
35	13:49:40.49	0.0525	21.09996	25.18	41.37	1.3	0.999006	22.2429	1.30144	810.00	1.05417	3.26	0
36	13:49:40.79	0.0535	21.09968	25.18	41.37	1.3	0.998988	22.2438	1.30148	810.02	1.05422	3.26	0
37	13:49:41.09	0.0525	21.09996	25.18	41.37	1.3	0.999006	22.2440	1.30148	810.02	1.05422	3.26	0
38	13:49:41.39	0.0520	21.10024	25.18	41.37	1.3	0.999018	22.2430	1.30144	810.00	1.05416	3.26	0
39	13:49:41.69	0.0520	21.10010	25.18	41.37	1.3	0.999012	22.2439	1.30148	810.02	1.05421	3.26	0
40	13:49:41.99	0.0545	21.09926	25.18	41.37	1.3	0.998970	22.2424	1.30144	810.00	1.05418	3.26	0
41	13:49:42.29	0.0535	21.09961	25.18	41.37	1.3	0.998988	22.2428	1.30144	810.00	1.05418	3.26	0
42	13:49:42.59	0.0515	21.10052	25.18	41.37	1.3	0.999030	22.2433	1.30144	810.00	1.05416	3.26	0
43	13:49:42.89	0.0525	21.09982	25.19	41.37	1.3	0.999006	22.2424	1.30144	810.00	1.05415	3.26	0
44	13:49:43.19	0.0550	21.09884	25.19	41.37	1.3	0.998958	22.2426	1.30148	810.02	1.05421	3.26	0
45	13:49:43.49	0.0540	21.09947	25.18	41.37	1.3	0.998982	22.2428	1.30144	810.02	1.05419	3.26	0
46	13:49:43.79	0.0530	21.09982	25.18	41.37	1.3	0.999000	22.2426	1.30144	810.00	1.05416	3.26	0
47	13:49:44.09	0.0545	21.09919	25.18	41.37	1.3	0.998970	22.2424	1.30144	810.00	1.05418	3.26	0
48	13:49:44.39	0.0520	21.10017	25.18	41.37	1.3	0.999012	22.2423	1.30140	810.00	1.05413	3.26	0
49	13:49:44.69	0.0530	21.09982	25.18	41.37	1.3	0.999000	22.2425	1.30144	810.00	1.05416	3.26	0
50	13:49:44.99	0.0500	21.10094	25.18	41.37	1.3	0.999048	22.2432	1.30140	809.98	1.05413	3.26	0
51	13:49:45.29	0.0510	21.10052	25.18	41.37	1.3	0.999030	22.2430	1.30144	810.00	1.05414	3.26	0
52	13:49:45.59	0.0525	21.10003	25.18	41.37	1.3	0.999006	22.2436	1.30148	810.02	1.05419	3.26	0
53	13:49:45.89	0.0550	21.09905	25.18	41.37	1.3	0.998964	22.2431	1.30148	810.02	1.05422	3.26	0
54	13:49:46.19	0.0560	21.09856	25.18	41.37	1.3	0.998940	22.2419	1.30144	810.02	1.05419	3.26	0
55	13:49:46.49	0.0585	21.09751	25.18	41.37	1.3	0.998892	22.2412	1.30148	810.02	1.05421	3.26	0
56	13:49:46.79	0.0590	21.09751	25.18	41.37	1.3	0.998886	22.2410	1.30148	810.02	1.05420	3.26	0
57	13:49:47.09	0.0575	21.09807	25.18	41.37	1.3	0.998916	22.2407	1.30144	810.00	1.05416	3.26	0
58	13:49:47.39	0.0585	21.09765	25.18	41.37	1.3	0.998898	22.2413	1.30148	810.02	1.05421	3.26	0
59	13:49:47.69	0.0555	21.09884	25.18	41.37	1.3	0.998952	22.2410	1.30144	809.98	1.05413	3.26	0
60	13:49:47.99	0.0570	21.09828	25.18	41.37	1.3	0.998922	22.2417	1.30144	810.02	1.05420	3.26	0
61	13:49:48.29	0.0550	21.09905	25.18	41.37	1.3	0.998964	22.2418	1.30144	810.00	1.05416	3.26	0
62	13:49:48.59	0.0555	21.09884	25.18	41.37	1.3	0.998952	22.2415	1.30144	810.00	1.05416	3.26	0
63	13:49:48.89	0.0570	21.09814	25.18	41.37	1.3	0.998916	22.2417	1.30148	810.00	1.05421	3.26	0
64	13:49:49.19	0.0545	21.09926	25.18	41.37	1.3	0.998970	22.2420	1.30144	810.00	1.05416	3.26	0
65	13:49:49.49	0.0520	21.10031	25.18	41.37	1.3	0.999018	22.2417	1.30140	809.98	1.05410	3.26	0
66	13:49:49.79	0.0525	21.10003	25.18	41.37	1.3	0.999006	22.2426	1.30144	810.00	1.05415	3.26	0
67	13:49:50.09	0.0530	21.09982	25.18	41.37	1.3	0.999000	22.2429	1.30144	810.00	1.05418	3.26	0
68	13:49:50.39	0.0540	21.09933	25.18	41.37	1.3	0.998976	22.2426	1.30144	810.02	1.05419	3.26	0
69	13:49:50.69	0.0550	21.09891	25.18	41.37	1.3	0.998958	22.2434	1.30148	810.04	1.05424	3.26	0
70	13:49:50.99	0.0555	21.09877	25.18	41.37	1.3	0.998946	22.2419	1.30144	810.02	1.05418	3.26	0
71	13:49:51.29	0.1550	21.05901	25.18	41.37	1.3	0.997068	22.1992	1.30144	809.98	1.05415	3.26	0
72	13:49:51.59	0.4915	20.92132	25.18	41.37	1.3	0.990546	22.0520	1.30144	809.90	1.05404	3.26	0
73	13:49:51.89	1.2470	20.59337	25.18	41.37	1.3	0.975018	21.7012	1.30144	809.72	1.05379	3.26	0
74	13:49:52.19	2.4415	20.10771	25.18	41.37	1.3	0.952026	21.1825	1.30144	809.44	1.05345	3.26	0
75	13:49:52.49	4.1740	19.43508	25.18	41.37	1.3	0.920178	20.4653	1.30148	809.08	1.05301	3.26	0
76	13:49:52.79	6.3155	18.65409	25.18	41.34	1.3	0.883200	19.6322	1.30144	808.66	1.05243	3.26	0
77	13:49:53.09	8.8535	17.79344	25.18	41.34	1.3	0.842448	18.7174	1.30152	808.24	1.05193	3.26	0
78	13:49:53.39	11.5950	16.90339	25.18	41.27	1.3	0.800304	17.7703	1.30152	807.74	1.05128	3.26	0
79	13:49:53.69	14.4710	16.03889	25.18	41.27	1.3	0.759378	16.8513	1.30152	807.26	1.05065	3.26	0
80	13:49:53.99	17.3675	15.23844	25.18	41.07	1.3	0.721470	16.0016	1.30152	806.82	1.05008	3.26	0
81	13:49:54.29	20.1940	14.50526	25.18	41.07	1.3	0.686754	15.2235	1.30152	806.38	1.04952	3.26	0
82	13:49:54.59	22.9120	13.84670	25.18	40.84	1.3	0.655566	14.5253	1.30152	805.98	1.04901	3.26	0
83	13:49:54.89	25.4575	13.26374	25.18	40.84	1.3	0.627966	13.9076	1.30152	805.64	1.04854	3.26	0
84	13:49:55.19	27.8625	12.74021	25.18	40.51	1.3	0.603162	13.3535	1.30152	805.32	1.04814	3.26	0
85	13:49:55.49	30.0770	12.28059	25.18	40.51	1.3	0.581406	12.8672	1.30152	805.04	1.04777	3.26	0
86	13:49:55.79	32.0350	11.89160	25.18	40.11	1.3	0.562968	12.4559	1.30152	804.80	1.04745	3.26	0
87	13:49:56.09	33.8620	11.54286	25.18	40.11	1.3	0.546462	12.0875	1.30152	804.58	1.04718	3.26	0
88	13:49:56.39	35.4285	11.25355	25.18	39.68	1.3	0.532746	11.7818	1.30152	804.40	1.04695	3.26	0
89	13:49:56.69	36.7735	11.01107	25.18	39.68	1.3	0.521268	11.5258	1.30152	804.26	1.04675	3.26	0
90	13:49:56.99	37.8895	10.81528	25.18	39.20	1.3	0.511986	11.3191	1.30152	804.12	1.04658	3.26	0
91	13:49:57.29	38.8290	10.65372	25.18	39.20	1.3	0.504336	11.1485	1.30152	804.02	1.04645	3.26	0
92	13:49:57.59	39.5830	10.52562	25.18	38.85	1.2	0.498258	11.0135	1.30152	803.94	1.04635	3.26	0
93	13:49:57.89	40.1380	10.43112	25.18	38.85	1.2	0.493782	10.9137	1.30152	803.88	1.04626	3.26	0
94	13:49:58.19	40.5720	10.35979	25.18	38.44	1.2	0.490392	10.8387	1.30156	803.84	1.04623	3.26	0
95	13:49:58.49	40.9030	10.30561	25.18	38.44	1.2	0.487830	10.7817	1.30156	803.80	1.04620	3.26	0
96	13:49:58.79	41.1585	10.26403	25.18	38.11	1.2	0.485850	10.7378	1.30156	803.78	1.04615	3.26	0
97	13:49:59.09	41.3445	10.23351	25.18	38.11	1.2	0.484404	10.7056	1.30156	803.74	1.04614	3.26	0
98	13:49:59.39	41.4620	10.21454	25.18	37.78	1.2	0.483492	10.6859	1.30160	803.74	1.04615	3.26	0
99	13:49:59.69	41.4865	10.21055	25.18	37.78	1.2	0.483306	10.6811	1.30152	803.74	1.04609	3.26	0
100	13:49:59.99	41.4205	10.22154	25.18	37.51	1.2	0.483816	10.6929	1.30156	803.74	1.04611	3.26	0
101	13:50:00.29	41.2535	10.24884	25.18	37.51	1.2	0.485112	10.7221	1.30156	803.78	1.04618	3.26	0
102	13:50:00.59	40.9485	10.29910	25.18	37.24	1.2	0.487476	10.7749	1.30156	803.80	1.04620	3.26	0
103	13:50:00.89	40.4830	10.37533	25.18	37.24	1.2	0.491088	10.8549	1.30152	803.84	1.04622	3.26	0
104	13:50:01.19	39.9010	10.47291	25.18	37.05	1.2	0.495696	10.9581	1.30152	803.92	1.04633	3.26	0
105	13:50:01.49	39.2480	10.58407	25.18	37.05	1.2	0.500958	11.0755	1.30156	803.98	1.04643	3.26	0
106	13:50:01.79	38.5590	10.70146	25.18	36.85	1.2	0.506508	11.1994	1.30152	804.08	1.04653	3.26	0
107	13:50:02.09	37.8680	10.82102	25.18	36.85	1.2	0.512166	11.3256	1.30156	804.14	1.04663	3.26	0
108	13:50:02.39	37.1865	10.94093	25.18	36.68	1.2	0.517836	11.4525	1.30156	804.24	1.04675	3.26	0
109	13:50:02.69	36.4420	11.07183	25.18	36.68	1.2	0.524034	11.5902	1.30152	804.30	1.04682	3.26	0
110	13:50:02.99	35.6980	11.20658	25.18	36.54	1.2	0.530406	11.7328	1.30152	804.40	1.04695	3.26	0
111	13:50:03.29	34.9895	11.33671	25.18	36.54	1.2	0.536562	11.8700	1.30152	804.48	1.04704	3.26	0
112	13:50:03.59	34.3735	11.45004	25.18	36.37	1.2	0.541920	11.9895	1.30152	804.54	1.04711	3.26	0
113	13:50:03.89	33.8515	11.54804	25.18	36.37	1.2	0.546558	12.0932	1.30152	804.60	1.04720	3.26	0
114	13:50:04.19	33.3960	11.63477	25.18	36.27	1.2	0.550662	12.1848	1.30152	804.66	1.04727	3.26	0
115	13:50:04.49	32.9240	11.72465	25.18	36.27	1.2	0.554916	12.2801	1.30152	804.74	1.04737	3.26	0
116	13:50:04.79	32.3975	11.82489	25.18	36.21	1.2	0.559656	12.3864	1.30156	804.80	1.04748	3.26	0
117	13:50:05.09	31.8650	11.92877	25.18	36.21	1.2	0.564570	12.4954	1.30152	804.84	1.04750	3.26	0
118	13:50:05.39	31.3620	12.02873	25.18	36.14	1.2	0.569298	12.6016	1.30152	804.92	1.04763	3.26	0
119	13:50:05.69	30.8730	12.12582	25.18	36.14	1.2	0.573894	12.7039	1.30148	804.98	1.04767	3.26	0
120	13:50:05.99	30.3660	12.22655	25.18	36.08	1.2	0.578658	12.8100	1.30148	805.02	1.04772	3.26	0
121	13:50:06.29	29.9005	12.32105	25.18	36.08	1.2	0.583134	12.9107	1.30152	805.10	1.04785	3.26	0
122	13:50:06.59	29.4635	12.41128	25.18	36.01	1.2	0.587400	13.0059	1.30152	805.14	1.04791	3.26	0
123	13:50:06.89	29.0540	12.49577	25.18	36.01	1.2	0.591396	13.0954	1.30152	805.22	1.04798	3.26	0
124	13:50:07.19	28.6720	12.57473	25.18	35.95	1.1	0.595134	13.1785	1.30152	805.24	1.04802	3.26	0
125	13:50:07.49	28.3440	12.64242	25.18	35.95	1.1	0.598338	13.2504	1.30152	805.28	1.04809	3.26	0
126	13:50:07.79	28.0690	12.69996	25.18	35.91	1.1	0.601056	13.3109	1.30148	805.32	1.04811	3.26	0
127	13:50:08.09	27.8540	12.74630	25.18	35.91	1.1	0.603252	13.3603	1.30152	805.34	1.04817	3.26	0
128	13:50:08.39	27.6770	12.78445	25.18	35.88	1.1	0.605052	13.4002	1.30148	805.36	1.04817	3.26	0
129	13:50:08.69	27.5150	12.81938	25.18	35.88	1.1	0.606708	13.4379	1.30152	805.40	1.04825	3.26	0
130	13:50:08.99	27.3350	12.85816	25.18	35.85	1.1	0.608544	13.4785	1.30148	805.42	1.04824	3.26	0
131	13:50:09.29	27.1370	12.90086	25.18	35.85	1.1	0.610566	13.5239	1.30148	805.46	1.04829	3.26	0
132	13:50:09.59	26.9260	12.94636	25.18	35.81	1.1	0.612714	13.5722	1.30152	805.48	1.04833	3.26	0
133	13:50:09.89	26.7180	12.99116	25.18	35.81	1.1	0.614832	13.6188	1.30148	805.48	1.04831	3.26	0
134	13:50:10.19	26.4860	13.04114	25.18	35.81	1.1	0.617202	13.6722	1.30152	805.52	1.04839	3.26	0
135	13:50:10.49	26.2315	13.09595	25.18	35.81	1.1	0.619794	13.7299	1.30148	805.56	1.04841	3.26	0
136	13:50:10.79	25.9730	13.15314	25.18	35.78	1.1	0.622500	13.7906	1.30148	805.58	1.04846	3.26	0
137	13:50:11.09	25.7085	13.21236	25.18	35.78	1.1	0.625302	13.8538	1.30148	805.64	1.04854	3.26	0
138	13:50:11.39	25.4580	13.26850	25.18	35.78	1.1	0.627960	13.9128	1.30148	805.66	1.04856	3.26	0
139	13:50:11.69	25.2585	13.31323	25.18	35.78	1.1	0.630078	13.9606	1.30152	805.70	1.04862	3.26	0
140	13:50:11.99	25.1030	13.34809	25.18	35.78	1.1	0.631722	13.9975	1.30152	805.72	1.04865	3.26	0
141	13:50:12.29	24.9760	13.37644	25.18	35.78	1.1	0.633066	14.0273	1.30148	805.74	1.04866	3.26	0
142	13:50:12.59	24.8715	13.39996	25.18	35.78	1.1	0.634176	14.0524	1.30148	805.76	1.04869	3.26	0
143	13:50:12.89	24.7675	13.42320	25.18	35.78	1.1	0.635280	14.0767	1.30148	805.76	1.04869	3.26	0
144	13:50:13.19	24.6615	13.44700	25.18	35.74	1.1	0.636402	14.1021	1.30148	805.78	1.04872	3.26	0
145	13:50:13.49	24.5700	13.46737	25.18	35.74	1.1	0.637368	14.1239	1.30152	805.80	1.04875	3.26	0
146	13:50:13.79	24.4980	13.48354	25.18	35.74	1.1	0.638136	14.1409	1.30148	805.80	1.04875	3.26	0
147	13:50:14.09	24.4435	13.49579	25.18	35.74	1.1	0.638712	14.1536	1.30148	805.80	1.04875	3.26	0
148	13:50:14.39	24.4075	13.50377	25.18	35.78	1.1	0.639096	14.1625	1.30152	805.82	1.04878	3.26	0
149	13:50:14.69	24.3730	13.51161	25.18	35.78	1.1	0.639462	14.1705	1.30152	805.82	1.04877	3.26	0
150	13:50:14.99	24.3370	13.51959	25.18	35.74	1.1	0.639840	14.1791	1.30148	805.82	1.04878	3.26	0
151	13:50:15.29	24.2930	13.52946	25.18	35.74	1.1	0.640308	14.1897	1.30152	805.82	1.04880	3.26	0
152	13:50:15.59	24.2365	13.54220	25.18	35.74	1.1	0.640908	14.2031	1.30152	805.84	1.04880	3.26	0
153	13:50:15.89	24.1665	13.55781	25.18	35.74	1.1	0.641652	14.2202	1.30152	805.86	1.04886	3.26	0
154	13:50:16.19	24.0875	13.57601	25.18	35.74	1.1	0.642510	14.2382	1.30148	805.84	1.04878	3.26	0
155	13:50:16.49	24.0160	13.59274	25.18	35.74	1.1	0.643302	14.2561	1.30148	805.84	1.04880	3.26	0
156	13:50:16.79	23.9470	13.60891	25.18	35.74	1.1	0.644064	14.2736	1.30148	805.88	1.04884	3.26	0
157	13:50:17.09	23.8860	13.62326	25.18	35.74	1.1	0.644748	14.2889	1.30148	805.90	1.04887	3.26	0
158	13:50:17.39	23.8235	13.63796	25.18	35.74	1.1	0.645444	14.3042	1.30148	805.90	1.04885	3.26	0
159	13:50:17.70	23.7630	13.65210	25.18	35.74	1.1	0.646116	14.3186	1.30148	805.88	1.04882	3.26	0
160	13:50:17.99	23.7100	13.66456	25.18	35.74	1.1	0.646704	14.3326	1.30152	805.90	1.04889	3.26	0
161	13:50:18.29	23.6560	13.67723	25.18	35.74	1.1	0.647298	14.3454	1.30148	805.90	1.04886	3.26	0
162	13:50:18.59	23.6025	13.68976	25.18	35.74	1.1	0.647892	14.3583	1.30144	805.90	1.04884	3.26	0
163	13:50:18.89	23.5525	13.70159	25.18	35.74	1.1	0.648456	14.3716	1.30148	805.92	1.04890	3.26	0
164	13:50:19.19	23.4905	13.71615	25.18	35.74	1.1	0.649140	14.3865	1.30148	805.92	1.04888	3.26	0
165	13:50:19.49	23.4240	13.73176	25.18	35.74	1.1	0.649878	14.4031	1.30144	805.94	1.04889	3.26	0
166	13:50:19.79	23.3525	13.74849	25.18	35.74	1.1	0.650670	14.4220	1.30152	805.98	1.04899	3.26	0
167	13:50:20.09	23.2705	13.76774	25.18	35.74	1.1	0.651588	14.4422	1.30152	805.98	1.04899	3.26	0
168	13:50:20.39	23.1925	13.78594	25.18	35.78	1.1	0.652446	14.4615	1.30152	805.98	1.04900	3.26	0
169	13:50:20.69	23.1295	13.80078	25.18	35.78	1.1	0.653148	14.4773	1.30152	806.00	1.04902	3.26	0
170	13:50:20.99	23.0860	13.81100	25.18	35.78	1.1	0.653634	14.4878	1.30148	806.00	1.04900	3.26	0
171	13:50:21.29	23.0725	13.81422	25.18	35.78	1.1	0.653784	14.4914	1.30152	806.00	1.04902	3.26	0
172	13:50:21.59	23.0840	13.81142	25.18	35.78	1.1	0.653652	14.4886	1.30152	806.02	1.04903	3.26	0
173	13:50:21.89	23.1125	13.80477	25.18	35.78	1.1	0.653340	14.4815	1.30152	806.00	1.04902	3.26	0
174	13:50:22.19	23.1540	13.79497	25.18	35.78	1.1	0.652878	14.4706	1.30148	805.98	1.04897	3.26	0
175	13:50:22.49	23.1960	13.78510	25.18	35.78	1.1	0.652410	14.4602	1.30152	805.98	1.04898	3.26	0
176	13:50:22.79	23.2320	13.77677	25.18	35.78	1.1	0.652014	14.4514	1.30148	805.98	1.04897	3.26	0
177	13:50:23.09	23.2435	13.77404	25.18	35.78	1.1	0.651888	14.4480	1.30148	805.96	1.04893	3.26	0
178	13:50:23.39	23.2445	13.77383	25.18	35.78	1.1	0.651876	14.4483	1.30148	805.98	1.04897	3.26	0
179	13:50:23.69	23.2230	13.77887	25.18	35.78	1.1	0.652110	14.4543	1.30152	805.98	1.04902	3.26	0
180	13:50:23.99	23.1775	13.78944	25.18	35.78	1.1	0.652614	14.4647	1.30148	805.98	1.04897	3.26	0
181	13:50:24.29	23.1095	13.80540	25.18	35.78	1.1	0.653370	14.4809	1.30144	805.98	1.04893	3.26	0
182	13:50:24.59	23.0345	13.82311	25.18	35.78	1.1	0.654204	14.5006	1.30148	806.02	1.04902	3.26	0
183	13:50:24.89	22.9505	13.84278	25.18	35.78	1.1	0.655140	14.5211	1.30148	806.00	1.04900	3.26	0
184	13:50:25.19	22.8750	13.86056	25.18	35.78	1.1	0.655980	14.5399	1.30148	806.00	1.04902	3.26	0
185	13:50:25.49	22.8110	13.87554	25.18	35.78	1.1	0.656688	14.5561	1.30148	806.04	1.04905	3.26	0
186	13:50:25.79	22.7650	13.88632	25.18	35.78	1.1	0.657198	14.5674	1.30148	806.04	1.04905	3.26	0
187	13:50:26.09	22.7310	13.89430	25.18	35.78	1.1	0.657576	14.5751	1.30148	806.02	1.04900	3.26	0
188	13:50:26.39	22.7065	13.90004	25.18	35.78	1.1	0.657846	14.5822	1.30148	806.04	1.04907	3.26	0
189	13:50:26.69	22.6755	13.90732	25.18	35.78	1.1	0.658194	14.5895	1.30152	806.04	1.04906	3.26	0
190	13:50:26.99	22.6485	13.91362	25.18	35.81	1.1	0.658494	14.5969	1.30152	806.06	1.04911	3.26	0
191	13:50:27.29	22.6250	13.91915	25.18	35.81	1.1	0.658752	14.6023	1.30148	806.06	1.04908	3.26	0
192	13:50:27.59	22.6135	13.92188	25.18	35.81	1.1	0.658884	14.6048	1.30148	806.06	1.04905	3.26	0
193	13:50:27.89	22.6155	13.92146	25.18	35.81	1.1	0.658860	14.6042	1.30148	806.04	1.04904	3.26	0
194	13:50:28.19	22.6155	13.92139	25.18	35.81	1.1	0.658860	14.6045	1.30148	806.06	1.04907	3.26	0
195	13:50:28.49	22.6020	13.92461	25.18	35.81	1.1	0.659010	14.6070	1.30144	806.04	1.04900	3.26	0
196	13:50:28.79	22.5760	13.93063	25.18	35.81	1.1	0.659298	14.6142	1.30148	806.06	1.04907	3.26	0
197	13:50:29.09	22.5400	13.93910	25.18	35.81	1.1	0.659700	14.6233	1.30148	806.08	1.04908	3.26	0
198	13:50:29.39	22.4960	13.94946	25.18	35.81	1.1	0.660186	14.6339	1.30148	806.06	1.04907	3.26	0
199	13:50:29.69	22.4490	13.96038	25.18	35.81	1.1	0.660708	14.6450	1.30144	806.06	1.04903	3.26	0
200	13:50:29.99	22.4105	13.96948	25.18	35.81	1.1	0.661134	14.6553	1.30148	806.08	1.04909	3.26	0
201	13:50:30.29	22.3750	13.97781	25.18	35.81	1.1	0.661530	14.6642	1.30148	806.10	1.04911	3.26	0
202	13:50:30.59	22.3505	13.98355	25.18	35.81	1.1	0.661800	14.6706	1.30152	806.10	1.04914	3.26	0
203	13:50:30.89	22.3380	13.98649	25.18	35.81	1.1	0.661938	14.6740	1.30152	806.10	1.04916	3.26	0
204	13:50:31.19	22.3315	13.98803	25.18	35.85	1.1	0.662016	14.6752	1.30148	806.10	1.04913	3.26	0
205	13:50:31.49	22.3300	13.98831	25.18	35.85	1.1	0.662028	14.6756	1.30148	806.10	1.04914	3.26	0
206	13:50:31.79	22.3300	13.98831	25.18	35.85	1.1	0.662028	14.6756	1.30148	806.10	1.04913	3.26	0
207	13:50:32.09	22.3225	13.99013	25.18	35.85	1.1	0.662112	14.6769	1.30144	806.08	1.04909	3.26	0
208	13:50:32.39	22.3135	13.99223	25.18	35.85	1.1	0.662214	14.6789	1.30144	806.08	1.04907	3.26	0
209	13:50:32.69	22.3080	13.99349	25.18	35.85	1.1	0.662274	14.6806	1.30148	806.10	1.04911	3.26	0
210	13:50:32.99	22.2945	13.99671	25.18	35.85	1.1	0.662424	14.6845	1.30148	806.10	1.04914	3.26	0
211	13:50:33.29	22.2720	14.00203	25.18	35.85	1.1	0.662676	14.6898	1.30148	806.10	1.04912	3.26	0
212	13:50:33.59	22.2385	14.00980	25.18	35.85	1.1	0.663048	14.6977	1.30148	806.10	1.04910	3.26	0
213	13:50:33.89	22.2025	14.01820	25.18	35.85	1.1	0.663444	14.7067	1.30148	806.10	1.04911	3.26	0
214	13:50:34.19	22.1755	14.02464	25.18	35.85	1.1	0.663750	14.7141	1.30152	806.12	1.04916	3.26	0
215	13:50:34.49	22.1525	14.03003	25.18	35.85	1.1	0.664002	14.7192	1.30148	806.10	1.04912	3.26	0
216	13:50:34.79	22.1380	14.03339	25.18	35.85	1.1	0.664164	14.7232	1.30148	806.12	1.04916	3.26	0
217	13:50:35.09	22.1275	14.03584	25.18	35.85	1.1	0.664278	14.7255	1.30148	806.12	1.04914	3.26	0
218	13:50:35.39	22.1030	14.04179	25.18	35.88	1.1	0.664560	14.7320	1.30148	806.12	1.04915	3.26	0
219	13:50:35.69	22.0695	14.04998	25.18	35.88	1.1	0.664950	14.7406	1.30148	806.12	1.04915	3.26	0
220	13:50:35.99	22.0290	14.05992	25.18	35.88	1.1	0.665418	14.7514	1.30148	806.14	1.04918	3.26	0
221	13:50:36.29	21.9890	14.06979	25.18	35.88	1.1	0.665886	14.7615	1.30148	806.14	1.04917	3.26	0
222	13:50:36.59	21.9540	14.07833	25.18	35.88	1.1	0.666288	14.7706	1.30148	806.14	1.04918	3.26	0
223	13:50:36.89	21.9345	14.08316	25.18	35.88	1.1	0.666516	14.7766	1.30152	806.16	1.04924	3.26	0
224	13:50:37.19	21.9215	14.08631	25.18	35.88	1.1	0.666666	14.7790	1.30148	806.16	1.04918	3.26	0
225	13:50:37.49	21.9235	14.08589	25.18	35.88	1.1	0.666648	14.7784	1.30148	806.14	1.04917	3.26	0
226	13:50:37.79	21.9330	14.08351	25.18	35.88	1.1	0.666534	14.7766	1.30148	806.16	1.04922	3.26	0
227	13:50:38.09	21.9385	14.08218	25.18	35.88	1.1	0.666474	14.7748	1.30148	806.16	1.04918	3.26	0
228	13:50:38.39	21.9425	14.08120	25.18	35.88	1.1	0.666426	14.7736	1.30148	806.14	1.04917	3.26	0
229	13:50:38.69	21.9430	14.08106	25.18	35.88	1.1	0.666420	14.7739	1.30148	806.16	1.04920	3.26	0
230	13:50:38.99	21.9395	14.08190	25.18	35.88	1.1	0.666462	14.7750	1.30152	806.16	1.04922	3.26	0
231	13:50:39.29	21.9275	14.08484	25.18	35.88	1.1	0.666600	14.7779	1.30148	806.16	1.04920	3.26	0
232	13:50:39.59	21.9040	14.09072	25.18	35.88	1.1	0.666876	14.7841	1.30148	806.16	1.04921	3.26	0
233	13:50:39.89	21.8720	14.09849	25.18	35.88	1.1	0.667242	14.7924	1.30148	806.16	1.04922	3.26	0
234	13:50:40.19	21.8405	14.10619	25.18	35.91	1.1	0.667608	14.8006	1.30148	806.18	1.04923	3.26	0
235	13:50:40.49	21.8030	14.11543	25.18	35.91	1.1	0.668046	14.8102	1.30148	806.18	1.04922	3.26	0
236	13:50:40.79	21.7590	14.12621	25.18	35.91	1.1	0.668556	14.8212	1.30148	806.16	1.04920	3.26	0
237	13:50:41.09	21.7195	14.13594	25.18	35.91	1.1	0.669018	14.8315	1.30148	806.18	1.04921	3.26	0
238	13:50:41.39	21.6825	14.14511	25.18	35.91	1.1	0.669450	14.8417	1.30148	806.18	1.04924	3.26	0
239	13:50:41.69	21.6515	14.15260	25.18	35.91	1.1	0.669810	14.8497	1.30148	806.20	1.04925	3.26	0
240	13:50:41.99	21.6245	14.15932	25.18	35.91	1.1	0.670122	14.8562	1.30148	806.18	1.04922	3.26	0
241	13:50:42.29	21.6005	14.16520	25.18	35.91	1.1	0.670404	14.8629	1.30148	806.20	1.04926	3.26	0
242	13:50:42.59	21.5710	14.17234	25.18	35.91	1.1	0.670740	14.8714	1.30152	806.22	1.04932	3.26	0
243	13:50:42.89	21.5365	14.18095	25.18	35.91	1.1	0.671148	14.8800	1.30148	806.22	1.04930	3.26	0
244	13:50:43.19	21.5065	14.18830	25.18	35.91	1.1	0.671496	14.8873	1.30148	806.20	1.04927	3.26	0
245	13:50:43.49	21.4790	14.19509	25.18	35.91	1.1	0.671814	14.8946	1.30148	806.22	1.04928	3.26	0
246	13:50:43.79	21.4400	14.20461	25.18	35.91	1.1	0.672270	14.9042	1.30144	806.22	1.04924	3.26	0
247	13:50:44.09	21.4005	14.21434	25.18	35.91	1.1	0.672732	14.9150	1.30148	806.22	1.04929	3.26	0
248	13:50:44.39	21.3560	14.22519	25.18	35.91	1.1	0.673242	14.9263	1.30148	806.24	1.04929	3.26	0
249	13:50:44.69	21.3195	14.23415	25.18	35.91	1.1	0.673668	14.9362	1.30148	806.26	1.04933	3.26	0
250	13:50:44.99	21.2915	14.24108	25.18	35.95	1.1	0.673998	14.9438	1.30148	806.26	1.04935	3.26	0
251	13:50:45.29	21.2805	14.24367	25.18	35.95	1.1	0.674118	14.9463	1.30148	806.26	1.04933	3.26	0
252	13:50:45.59	21.2930	14.24066	25.18	35.95	1.1	0.673974	14.9434	1.30152	806.26	1.04935	3.26	0
253	13:50:45.89	21.3215	14.23366	25.18	35.95	1.1	0.673644	14.9352	1.30148	806.24	1.04929	3.26	0
254	13:50:46.19	21.3575	14.22477	25.18	35.95	1.1	0.673224	14.9259	1.30148	806.22	1.04929	3.26	0
255	13:50:46.49	21.3900	14.21686	25.18	35.95	1.1	0.672852	14.9180	1.30152	806.24	1.04932	3.26	0
256	13:50:46.79	21.4035	14.21350	25.18	35.95	1.1	0.672690	14.9144	1.30148	806.24	1.04931	3.26	0
257	13:50:47.09	21.3995	14.21448	25.18	35.95	1.1	0.672738	14.9155	1.30148	806.24	1.04932	3.26	0
258	13:50:47.39	21.3820	14.21882	25.18	35.95	1.1	0.672942	14.9199	1.30148	806.24	1.04931	3.26	0
259	13:50:47.69	21.3580	14.22470	25.18	35.95	1.1	0.673224	14.9264	1.30148	806.24	1.04933	3.26	0
260	13:50:47.99	21.3220	14.23352	25.18	35.95	1.1	0.673638	14.9355	1.30148	806.24	1.04932	3.26	0
261	13:50:48.29	21.2840	14.24283	25.18	35.95	1.1	0.674082	14.9450	1.30148	806.24	1.04930	3.26	0
262	13:50:48.59	21.2465	14.25200	25.18	35.95	1.1	0.674514	14.9547	1.30148	806.24	1.04930	3.26	0
263	13:50:48.89	21.2150	14.25984	25.18	35.95	1.1	0.674886	14.9630	1.30148	806.24	1.04930	3.26	0
264	13:50:49.19	21.1910	14.26572	25.18	35.95	1.1	0.675162	14.9698	1.30148	806.28	1.04935	3.26	0
265	13:50:49.49	21.1775	14.26901	25.18	35.95	1.1	0.675318	14.9726	1.30148	806.26	1.04932	3.26	0
266	13:50:49.79	21.1805	14.26831	25.18	35.98	1.1	0.675288	14.9715	1.30144	806.24	1.04928	3.26	0
267	13:50:50.09	21.1975	14.26404	25.18	35.98	1.1	0.675084	14.9676	1.30148	806.26	1.04933	3.26	0
268	13:50:50.39	21.2230	14.25774	25.18	35.98	1.1	0.674790	14.9611	1.30148	806.26	1.04933	3.26	0
269	13:50:50.69	21.2465	14.25207	25.18	35.98	1.1	0.674520	14.9554	1.30152	806.26	1.04935	3.26	0
270	13:50:50.99	21.2615	14.24836	25.18	35.98	1.1	0.674340	14.9514	1.30148	806.26	1.04934	3.26	0
271	13:50:51.29	21.2670	14.24703	25.18	35.98	1.1	0.674280	14.9503	1.30152	806.26	1.04936	3.26	0
272	13:50:51.59	21.2585	14.24913	25.18	35.98	1.1	0.674376	14.9516	1.30148	806.24	1.04930	3.26	0
273	13:50:51.89	21.2430	14.25284	25.18	35.98	1.1	0.674556	14.9557	1.30148	806.24	1.04931	3.26	0
274	13:50:52.19	21.2280	14.25655	25.18	35.98	1.1	0.674730	14.9603	1.30152	806.26	1.04936	3.26	0
275	13:50:52.49	21.2085	14.26138	25.18	35.98	1.1	0.674958	14.9651	1.30148	806.26	1.04935	3.26	0
276	13:50:52.79	21.1920	14.26544	25.18	35.98	1.1	0.675150	14.9692	1.30148	806.26	1.04933	3.26	0
277	13:50:53.09	21.1825	14.26782	25.18	35.98	1.1	0.675264	14.9719	1.30148	806.28	1.04935	3.26	0
278	13:50:53.39	21.1780	14.26894	25.18	35.98	1.1	0.675318	14.9732	1.30148	806.28	1.04936	3.26	0
279	13:50:53.69	21.1765	14.26922	25.19	35.98	1.2	0.675330	14.9737	1.30148	806.28	1.04937	3.26	0
280	13:50:53.99	21.1735	14.26999	25.19	35.98	1.2	0.675366	14.9747	1.30152	806.28	1.04939	3.26	0
281	13:50:54.29	21.1685	14.27118	25.18	35.98	1.1	0.675420	14.9758	1.30152	806.28	1.04938	3.26	0
282	13:50:54.59	21.1650	14.27209	25.18	35.98	1.1	0.675468	14.9764	1.30148	806.28	1.04935	3.26	0
283	13:50:54.89	21.1580	14.27377	25.19	35.98	1.2	0.675546	14.9782	1.30148	806.28	1.04936	3.26	0
284	13:50:55.19	21.1480	14.27615	25.19	35.98	1.2	0.675660	14.9808	1.30148	806.28	1.04936	3.26	0
285	13:50:55.49	21.1405	14.27804	25.19	35.98	1.2	0.675750	14.9829	1.30148	806.28	1.04936	3.26	0
286	13:50:55.79	21.1300	14.28056	25.19	35.98	1.2	0.675870	14.9855	1.30148	806.28	1.04936	3.26	0
287	13:50:56.09	21.1185	14.28343	25.18	35.98	1.1	0.676002	14.9882	1.30148	806.26	1.04934	3.26	0
288	13:50:56.39	21.1120	14.28504	25.18	35.98	1.1	0.676080	14.9902	1.30148	806.28	1.04936	3.26	0
289	13:50:56.69	21.1070	14.28630	25.19	35.98	1.2	0.676140	14.9919	1.30152	806.28	1.04939	3.26	0
290	13:50:56.99	21.1040	14.28700	25.19	35.98	1.2	0.676176	14.9915	1.30148	806.26	1.04932	3.26	0
291	13:50:57.29	21.1065	14.28644	25.18	35.98	1.1	0.676146	14.9915	1.30148	806.28	1.04935	3.26	0
292	13:50:57.59	21.1035	14.28721	25.18	35.98	1.1	0.676182	14.9922	1.30148	806.28	1.04934	3.26	0
293	13:50:57.89	21.1055	14.28665	25.19	35.98	1.2	0.676158	14.9921	1.30148	806.28	1.04938	3.26	0
294	13:50:58.19	21.1035	14.28714	25.19	35.98	1.2	0.676182	14.9921	1.30148	806.28	1.04935	3.26	0
295	13:50:58.49	21.1035	14.28714	25.19	35.98	1.2	0.676182	14.9921	1.30148	806.26	1.04934	3.26	0
296	13:50:58.79	21.1020	14.28749	25.19	35.98	1.2	0.676200	14.9928	1.30148	806.28	1.04936	3.26	0
297	13:50:59.09	21.1000	14.28798	25.19	35.98	1.2	0.676218	14.9931	1.30148	806.28	1.04935	3.26	0
298	13:50:59.39	21.1010	14.28770	25.19	35.98	1.2	0.676206	14.9932	1.30148	806.30	1.04938	3.26	0
299	13:50:59.69	21.0965	14.28889	25.19	35.98	1.2	0.676266	14.9938	1.30148	806.26	1.04933	3.26	0
300	13:50:59.99	21.0930	14.28973	25.19	35.98	1.2	0.676302	14.9949	1.30148	806.28	1.04935	3.26	0
301	13:51:00.29	21.0905	14.29029	25.19	35.98	1.2	0.676332	14.9955	1.30148	806.28	1.04935	3.26	0
302	13:51:00.59	21.0875	14.29106	25.19	35.98	1.2	0.676368	14.9961	1.30148	806.26	1.04933	3.26	0
303	13:51:00.89	21.0875	14.29099	25.19	35.98	1.2	0.676362	14.9962	1.30148	806.28	1.04935	3.26	0
304	13:51:01.19	21.0870	14.29120	25.19	35.98	1.2	0.676374	14.9963	1.30148	806.28	1.04933	3.26	0
305	13:51:01.49	21.0850	14.29169	25.19	35.98	1.2	0.676398	14.9967	1.30148	806.26	1.04933	3.26	0
306	13:51:01.79	21.0850	14.29169	25.19	35.98	1.2	0.676392	14.9967	1.30148	806.28	1.04933	3.26	0
307	13:51:02.09	21.0825	14.29232	25.18	35.98	1.1	0.676422	14.9980	1.30148	806.28	1.04938	3.26	0
308	13:51:02.39	21.0820	14.29253	25.18	35.98	1.1	0.676434	14.9983	1.30148	806.30	1.04938	3.26	0
309	13:51:02.69	21.0780	14.29337	25.19	35.98	1.2	0.676476	14.9997	1.30152	806.30	1.04941	3.26	0
310	13:51:02.99	21.0750	14.29407	25.19	35.98	1.2	0.676512	14.9995	1.30148	806.28	1.04935	3.26	0
311	13:51:03.29	21.0755	14.29393	25.19	35.98	1.2	0.676500	14.9996	1.30148	806.28	1.04936	3.26	0
312	13:51:03.59	21.0705	14.29519	25.19	35.98	1.2	0.676560	15.0011	1.30148	806.28	1.04938	3.26	0
313	13:51:03.89	21.0640	14.29687	25.19	35.98	1.2	0.676638	15.0030	1.30148	806.30	1.04939	3.26	0
314	13:51:04.19	21.0625	14.29722	25.19	35.98	1.2	0.676656	15.0030	1.30148	806.28	1.04936	3.26	0
315	13:51:04.49	21.0560	14.29876	25.19	35.98	1.2	0.676728	15.0044	1.30148	806.28	1.04935	3.26	0
316	13:51:04.79	21.0545	14.29918	25.19	35.98	1.2	0.676752	15.0052	1.30148	806.30	1.04938	3.26	0
317	13:51:05.09	21.0510	14.30002	25.19	35.98	1.2	0.676794	15.0056	1.30148	806.28	1.04934	3.26	0
318	13:51:05.39	21.0500	14.30023	25.19	35.98	1.2	0.676800	15.0064	1.30148	806.30	1.04938	3.26	0
319	13:51:05.69	21.0455	14.30135	25.19	35.98	1.2	0.676854	15.0072	1.30148	806.30	1.04936	3.26	0
320	13:51:05.99	21.0425	14.30205	25.19	35.98	1.2	0.676890	15.0077	1.30144	806.28	1.04934	3.26	0
321	13:51:06.29	21.0440	14.30170	25.19	35.98	1.2	0.676872	15.0072	1.30144	806.28	1.04933	3.26	0
322	13:51:06.59	21.0435	14.30191	25.19	35.98	1.2	0.676878	15.0077	1.30148	806.28	1.04935	3.26	0
323	13:51:06.89	21.0435	14.30191	25.18	35.98	1.1	0.676878	15.0081	1.30148	806.28	1.04938	3.26	0
324	13:51:07.19	21.0415	14.30240	25.18	35.98	1.1	0.676902	15.0085	1.30148	806.28	1.04937	3.26	0
325	13:51:07.49	21.0445	14.30163	25.19	35.98	1.2	0.676866	15.0076	1.30148	806.28	1.04936	3.26	0
326	13:51:07.79	21.0495	14.30037	25.19	35.98	1.2	0.676806	15.0067	1.30152	806.30	1.04939	3.26	0
327	13:51:08.09	21.0440	14.30177	25.19	35.98	1.2	0.676872	15.0072	1.30144	806.28	1.04933	3.26	0
328	13:51:08.39	21.0475	14.30086	25.19	35.98	1.2	0.676830	15.0066	1.30148	806.28	1.04935	3.26	0
329	13:51:08.69	21.0490	14.30044	25.19	35.98	1.2	0.676812	15.0064	1.30148	806.28	1.04936	3.26	0
330	13:51:08.99	21.0495	14.30044	25.19	35.98	1.2	0.676806	15.0068	1.30148	806.30	1.04939	3.26	0
331	13:51:09.29	21.0505	14.30016	25.19	35.98	1.2	0.676800	15.0066	1.30152	806.30	1.04940	3.26	0
332	13:51:09.59	21.0465	14.30121	25.19	35.98	1.2	0.676848	15.0073	1.30148	806.28	1.04938	3.26	0
333	13:51:09.89	21.0465	14.30114	25.19	35.98	1.2	0.676842	15.0072	1.30148	806.28	1.04936	3.26	0
334	13:51:10.19	21.0470	14.30100	25.19	35.98	1.2	0.676836	15.0071	1.30148	806.28	1.04937	3.26	0
335	13:51:10.49	21.0475	14.30086	25.19	35.98	1.2	0.676830	15.0067	1.30148	806.28	1.04936	3.26	0
336	13:51:10.79	21.0470	14.30093	25.19	35.98	1.2	0.676836	15.0072	1.30148	806.30	1.04938	3.26	0
337	13:51:11.09	21.0470	14.30107	25.19	35.98	1.2	0.676842	15.0067	1.30148	806.28	1.04934	3.26	0
338	13:51:11.39	21.0440	14.30177	25.19	35.98	1.2	0.676872	15.0076	1.30148	806.28	1.04935	3.26	0
339	13:51:11.69	21.0445	14.30156	25.19	35.98	1.2	0.676860	15.0076	1.30148	806.28	1.04938	3.26	0
340	13:51:11.99	21.0415	14.30240	25.19	36.01	1.2	0.676902	15.0080	1.30144	806.28	1.04933	3.26	0
341	13:51:12.29	21.0400	14.30275	25.19	36.01	1.2	0.676920	15.0086	1.30148	806.28	1.04935	3.26	0
342	13:51:12.59	21.0395	14.30289	25.19	35.98	1.2	0.676926	15.0090	1.30148	806.30	1.04938	3.26	0
343	13:51:12.89	21.0380	14.30317	25.19	35.98	1.2	0.676938	15.0093	1.30148	806.28	1.04937	3.26	0
344	13:51:13.19	21.0380	14.30317	25.19	36.01	1.2	0.676944	15.0094	1.30148	806.28	1.04937	3.26	0
345	13:51:13.49	21.0390	14.30296	25.19	36.01	1.2	0.676932	15.0093	1.30148	806.30	1.04939	3.26	0
346	13:51:13.79	21.0370	14.30338	25.19	36.01	1.2	0.676950	15.0097	1.30148	806.30	1.04938	3.26	0
347	13:51:14.09	21.0380	14.30317	25.19	36.01	1.2	0.676938	15.0088	1.30148	806.28	1.04934	3.26	0
348	13:51:14.39	21.0390	14.30296	25.19	35.98	1.2	0.676926	15.0097	1.30152	806.30	1.04942	3.26	0
349	13:51:14.69	21.0420	14.30226	25.19	35.98	1.2	0.676896	15.0087	1.30148	806.30	1.04939	3.26	0
350	13:51:14.99	21.0435	14.30184	25.19	36.01	1.2	0.676878	15.0088	1.30152	806.32	1.04944	3.26	0
351	13:51:15.29	21.0420	14.30219	25.19	36.01	1.2	0.676896	15.0085	1.30148	806.30	1.04939	3.26	0
352	13:51:15.59	21.0405	14.30254	25.19	36.01	1.2	0.676908	15.0087	1.30148	806.30	1.04938	3.26	0
353	13:51:15.89	21.0405	14.30261	25.19	36.01	1.2	0.676914	15.0091	1.30152	806.30	1.04940	3.26	0
354	13:51:16.19	21.0395	14.30275	25.19	36.01	1.2	0.676920	15.0090	1.30148	806.30	1.04938	3.26	0
355	13:51:16.49	21.0400	14.30261	25.20	36.01	1.2	0.676914	15.0097	1.30152	806.32	1.04944	3.26	0
356	13:51:16.79	21.0385	14.30296	25.20	36.01	1.2	0.676932	15.0093	1.30148	806.30	1.04938	3.26	0
357	13:51:17.09	21.0385	14.30303	25.19	36.01	1.2	0.676932	15.0099	1.30152	806.30	1.04942	3.26	0
358	13:51:17.39	21.0355	14.30380	25.19	36.01	1.2	0.676968	15.0100	1.30148	806.30	1.04937	3.26	0
359	13:51:17.69	21.0355	14.30380	25.19	36.01	1.2	0.676968	15.0097	1.30148	806.28	1.04936	3.26	0
360	13:51:17.99	21.0315	14.30478	25.19	35.98	1.2	0.677016	15.0111	1.30148	806.30	1.04938	3.26	0
361	13:51:18.29	21.0300	14.30506	25.20	35.98	1.2	0.677034	15.0112	1.30148	806.28	1.04936	3.26	0
362	13:51:18.59	21.0295	14.30513	25.20	36.01	1.2	0.677040	15.0108	1.30144	806.28	1.04933	3.26	0
363	13:51:18.89	21.0315	14.30478	25.19	36.01	1.2	0.677016	15.0107	1.30148	806.28	1.04935	3.26	0
364	13:51:19.19	21.0335	14.30429	25.19	36.01	1.2	0.676992	15.0104	1.30148	806.28	1.04936	3.26	0
365	13:51:19.49	21.0340	14.30415	25.20	36.01	1.2	0.676992	15.0106	1.30148	806.30	1.04939	3.26	0
366	13:51:19.79	21.0340	14.30401	25.20	36.01	1.2	0.676986	15.0106	1.30148	806.30	1.04939	3.26	0
367	13:51:20.09	21.0310	14.30485	25.19	36.01	1.2	0.677022	15.0115	1.30152	806.30	1.04940	3.26	0
368	13:51:20.39	21.0340	14.30415	25.19	36.01	1.2	0.676986	15.0100	1.30148	806.28	1.04935	3.26	0
369	13:51:20.69	21.0365	14.30359	25.19	36.01	1.2	0.676962	15.0100	1.30148	806.30	1.04939	3.26	0
370	13:51:20.99	21.0370	14.30345	25.19	36.01	1.2	0.676950	15.0104	1.30152	806.30	1.04942	3.26	0
371	13:51:21.29	21.0360	14.30373	25.19	36.01	1.2	0.676968	15.0099	1.30148	806.30	1.04937	3.26	0
372	13:51:21.59	21.0340	14.30422	25.19	36.01	1.2	0.676992	15.0106	1.30148	806.30	1.04938	3.26	0
373	13:51:21.89	21.0335	14.30429	25.19	36.01	1.2	0.676992	15.0106	1.30148	806.30	1.04938	3.26	0
374	13:51:22.19	21.0300	14.30520	25.19	35.98	1.2	0.677034	15.0112	1.30148	806.28	1.04936	3.26	0
375	13:51:22.49	21.0300	14.30513	25.19	35.98	1.2	0.677034	15.0114	1.30148	806.30	1.04938	3.26	0
376	13:51:22.79	21.0300	14.30520	25.19	35.98	1.2	0.677034	15.0111	1.30148	806.28	1.04935	3.26	0
377	13:51:23.09	21.0315	14.30485	25.19	35.98	1.2	0.677016	15.0112	1.30148	806.30	1.04938	3.26	0
378	13:51:23.39	21.0295	14.30520	25.19	36.01	1.2	0.677040	15.0116	1.30148	806.30	1.04938	3.26	0
379	13:51:23.69	21.0265	14.30597	25.20	36.01	1.2	0.677076	15.0122	1.30148	806.28	1.04936	3.26	0
380	13:51:23.99	21.0235	14.30667	25.20	36.01	1.2	0.677112	15.0130	1.30148	806.30	1.04938	3.26	0
381	13:51:24.29	21.0210	14.30737	25.19	36.01	1.2	0.677136	15.0136	1.30148	806.28	1.04936	3.26	0
382	13:51:24.59	21.0240	14.30660	25.19	36.01	1.2	0.677100	15.0134	1.30148	806.32	1.04941	3.26	0
383	13:51:24.89	21.0240	14.30667	25.19	36.01	1.2	0.677106	15.0130	1.30148	806.28	1.04937	3.26	0
384	13:51:25.19	21.0185	14.30793	25.19	36.01	1.2	0.677166	15.0135	1.30144	806.28	1.04932	3.26	0
385	13:51:25.49	21.0195	14.30758	25.20	36.01	1.2	0.677154	15.0138	1.30148	806.30	1.04936	3.26	0
386	13:51:25.79	21.0210	14.30730	25.20	36.01	1.2	0.677136	15.0139	1.30148	806.30	1.04939	3.26	0
387	13:51:26.09	21.0205	14.30751	25.19	36.01	1.2	0.677142	15.0141	1.30148	806.30	1.04939	3.26	0
388	13:51:26.39	21.0210	14.30737	25.19	36.01	1.2	0.677142	15.0139	1.30148	806.30	1.04938	3.26	0
389	13:51:26.69	21.0220	14.30709	25.19	36.01	1.2	0.677124	15.0139	1.30148	806.30	1.04941	3.26	0
390	13:51:26.99	21.0205	14.30751	25.19	36.01	1.2	0.677148	15.0138	1.30148	806.28	1.04936	3.26	0
391	13:51:27.29	21.0200	14.30758	25.19	36.01	1.2	0.677148	15.0138	1.30148	806.28	1.04936	3.26	0
392	13:51:27.59	21.0210	14.30730	25.19	36.01	1.2	0.677136	15.0142	1.30148	806.32	1.04941	3.26	0
393	13:51:27.89	21.0210	14.30737	25.19	36.01	1.2	0.677142	15.0140	1.30148	806.30	1.04939	3.26	0
394	13:51:28.19	21.0210	14.30730	25.19	36.01	1.2	0.677136	15.0139	1.30148	806.30	1.04938	3.26	0
395	13:51:28.49	21.0215	14.30709	25.20	36.01	1.2	0.677130	15.0141	1.30148	806.32	1.04941	3.26	0
396	13:51:28.79	21.0220	14.30709	25.20	36.01	1.2	0.677130	15.0135	1.30148	806.30	1.04938	3.26	0
397	13:51:29.09	21.0240	14.30653	25.20	36.01	1.2	0.677106	15.0130	1.30148	806.30	1.04938	3.26	0
398	13:51:29.39	21.0205	14.30744	25.20	36.01	1.2	0.677148	15.0136	1.30148	806.28	1.04936	3.26	0
399	13:51:29.69	21.0210	14.30730	25.20	36.01	1.2	0.677142	15.0137	1.30148	806.30	1.04937	3.26	0
400	13:51:29.99	21.0220	14.30702	25.20	35.98	1.2	0.677124	15.0142	1.30152	806.32	1.04942	3.26	0
401	13:51:30.29	21.0245	14.30653	25.20	35.98	1.2	0.677100	15.0129	1.30148	806.30	1.04938	3.26	0
402	13:51:30.59	21.0220	14.30702	25.20	35.98	1.2	0.677124	15.0132	1.30148	806.30	1.04936	3.26	0
403	13:51:30.89	21.0235	14.30667	25.20	35.98	1.2	0.677106	15.0144	1.30152	806.34	1.04947	3.26	0
404	13:51:31.19	21.0205	14.30737	25.20	35.98	1.2	0.677142	15.0141	1.30148	806.30	1.04939	3.26	0
405	13:51:31.49	21.0215	14.30723	25.19	35.98	1.2	0.677130	15.0137	1.30148	806.30	1.04938	3.26	0
406	13:51:31.79	21.0215	14.30730	25.19	35.98	1.2	0.677136	15.0140	1.30148	806.30	1.04939	3.26	0
407	13:51:32.09	21.0240	14.30653	25.20	35.98	1.2	0.677100	15.0132	1.30148	806.30	1.04939	3.26	0
408	13:51:32.39	21.0215	14.30716	25.20	35.98	1.2	0.677130	15.0136	1.30148	806.30	1.04938	3.26	0
409	13:51:32.69	21.0205	14.30751	25.19	35.98	1.2	0.677142	15.0136	1.30148	806.28	1.04935	3.26	0
410	13:51:32.99	21.0210	14.30744	25.19	35.98	1.2	0.677142	15.0141	1.30148	806.30	1.04939	3.26	0
411	13:51:33.29	21.0160	14.30856	25.19	35.98	1.2	0.677196	15.0147	1.30148	806.28	1.04935	3.26	0
412	13:51:33.59	21.0190	14.30786	25.19	35.98	1.2	0.677160	15.0153	1.30152	806.32	1.04944	3.26	0
413	13:51:33.89	21.0150	14.30877	25.20	35.98	1.2	0.677208	15.0153	1.30148	806.30	1.04938	3.26	0
414	13:51:34.19	21.0160	14.30849	25.20	35.98	1.2	0.677196	15.0152	1.30148	806.30	1.04939	3.26	0
415	13:51:34.49	21.0160	14.30863	25.20	35.98	1.2	0.677202	15.0155	1.30148	806.32	1.04941	3.26	0
416	13:51:34.79	21.0135	14.30919	25.20	35.98	1.2	0.677226	15.0156	1.30148	806.30	1.04937	3.26	0
417	13:51:35.09	21.0110	14.30975	25.20	35.98	1.2	0.677256	15.0165	1.30148	806.30	1.04939	3.26	0
418	13:51:35.39	21.0100	14.31003	25.20	35.98	1.2	0.677268	15.0166	1.30148	806.28	1.04938	3.26	0
419	13:51:35.69	21.0065	14.31094	25.19	35.98	1.2	0.677304	15.0172	1.30148	806.28	1.04936	3.26	0
420	13:51:35.99	21.0065	14.31101	25.19	35.98	1.2	0.677310	15.0171	1.30148	806.28	1.04934	3.26	0
421	13:51:36.29	21.0105	14.30996	25.19	35.98	1.2	0.677262	15.0165	1.30148	806.30	1.04938	3.26	0
422	13:51:36.59	21.0100	14.31010	25.19	35.98	1.2	0.677268	15.0161	1.30144	806.28	1.04933	3.26	0
423	13:51:36.89	21.0125	14.30947	25.19	35.98	1.2	0.677238	15.0160	1.30148	806.28	1.04937	3.26	0
424	13:51:37.19	21.0150	14.30884	25.19	35.98	1.2	0.677208	15.0160	1.30152	806.32	1.04942	3.26	0
425	13:51:37.49	21.0165	14.30856	25.19	35.98	1.2	0.677196	15.0150	1.30148	806.30	1.04938	3.26	0
426	13:51:37.79	21.0140	14.30905	25.19	35.98	1.2	0.677220	15.0162	1.30152	806.30	1.04942	3.26	0
427	13:51:38.09	21.0115	14.30968	25.20	35.98	1.2	0.677250	15.0161	1.30148	806.28	1.04937	3.26	0
428	13:51:38.39	21.0110	14.30982	25.20	35.98	1.2	0.677256	15.0160	1.30148	806.28	1.04935	3.26	0
429	13:51:38.69	21.0140	14.30912	25.20	35.98	1.2	0.677220	15.0158	1.30148	806.30	1.04939	3.26	0
430	13:51:38.99	21.0140	14.30905	25.20	35.98	1.2	0.677220	15.0160	1.30152	806.30	1.04941	3.26	0
431	13:51:39.29	21.0110	14.30975	25.20	35.98	1.2	0.677256	15.0169	1.30152	806.30	1.04942	3.26	0
432	13:51:39.59	21.0055	14.31115	25.20	35.98	1.2	0.677316	15.0177	1.30148	806.30	1.04938	3.26	0
433	13:51:39.89	21.0055	14.31108	25.20	35.98	1.2	0.677316	15.0177	1.30148	806.28	1.04937	3.26	0
434	13:51:40.19	21.0040	14.31150	25.20	35.98	1.2	0.677334	15.0180	1.30148	806.30	1.04937	3.26	0
435	13:51:40.49	21.0050	14.31122	25.20	35.98	1.2	0.677322	15.0178	1.30148	806.30	1.04937	3.26	0
436	13:51:40.79	21.0065	14.31094	25.20	35.98	1.2	0.677310	15.0181	1.30152	806.30	1.04942	3.26	0
437	13:51:41.09	21.0060	14.31101	25.20	35.98	1.2	0.677316	15.0178	1.30148	806.30	1.04939	3.26	0
438	13:51:41.39	21.0050	14.31129	25.20	35.98	1.2	0.677328	15.0174	1.30148	806.28	1.04935	3.26	0
439	13:51:41.69	21.0065	14.31087	25.20	35.98	1.2	0.677304	15.0181	1.30152	806.32	1.04942	3.26	0
440	13:51:41.99	21.0050	14.31122	25.20	35.98	1.2	0.677322	15.0179	1.30148	806.30	1.04939	3.26	0
441	13:51:42.29	21.0045	14.31143	25.20	35.98	1.2	0.677334	15.0181	1.30148	806.30	1.04938	3.26	0
442	13:51:42.59	21.0030	14.31178	25.20	35.98	1.2	0.677352	15.0181	1.30148	806.28	1.04936	3.26	0
443	13:51:42.89	21.0065	14.31087	25.20	35.98	1.2	0.677310	15.0183	1.30152	806.30	1.04943	3.26	0
444	13:51:43.19	21.0060	14.31094	25.20	35.98	1.2	0.677310	15.0174	1.30148	806.30	1.04936	3.26	0
445	13:51:43.49	21.0040	14.31150	25.20	35.98	1.2	0.677340	15.0182	1.30148	806.30	1.04938	3.26	0
446	13:51:43.79	21.0020	14.31199	25.20	35.98	1.2	0.677358	15.0191	1.30148	806.32	1.04941	3.26	0
447	13:51:44.09	21.0030	14.31178	25.20	35.98	1.2	0.677346	15.0187	1.30148	806.30	1.04940	3.26	0
448	13:51:44.39	20.9995	14.31262	25.20	35.98	1.2	0.677388	15.0186	1.30144	806.28	1.04933	3.26	0
449	13:51:44.69	21.0015	14.31206	25.20	35.98	1.2	0.677364	15.0184	1.30144	806.28	1.04935	3.26	0
450	13:51:44.99	21.0020	14.31199	25.20	35.98	1.2	0.677364	15.0183	1.30148	806.28	1.04935	3.26	0
451	13:51:45.29	21.0050	14.31122	25.20	35.98	1.2	0.677322	15.0177	1.30148	806.30	1.04937	3.26	0
452	13:51:45.59	21.0015	14.31206	25.20	35.98	1.2	0.677364	15.0186	1.30148	806.30	1.04937	3.26	0
453	13:51:45.89	21.0060	14.31108	25.19	35.98	1.2	0.677310	15.0179	1.30148	806.30	1.04939	3.26	0
454	13:51:46.19	21.0025	14.31192	25.19	35.98	1.2	0.677352	15.0189	1.30148	806.32	1.04940	3.26	0
455	13:51:46.49	21.0030	14.31178	25.20	35.98	1.2	0.677352	15.0191	1.30152	806.32	1.04942	3.26	0
456	13:51:46.79	20.9990	14.31269	25.20	35.98	1.2	0.677394	15.0195	1.30148	806.30	1.04939	3.26	0
457	13:51:47.09	20.9945	14.31374	25.20	35.98	1.2	0.677442	15.0202	1.30148	806.30	1.04936	3.26	0
458	13:51:47.39	20.9935	14.31409	25.20	35.98	1.2	0.677460	15.0205	1.30148	806.28	1.04935	3.26	0
459	13:51:47.69	20.9930	14.31416	25.20	35.98	1.2	0.677460	15.0209	1.30148	806.30	1.04938	3.26	0
460	13:51:47.99	20.9905	14.31479	25.20	35.98	1.2	0.677496	15.0219	1.30148	806.30	1.04940	3.26	0
461	13:51:48.29	20.9940	14.31395	25.20	35.98	1.2	0.677454	15.0205	1.30148	806.28	1.04936	3.26	0
462	13:51:48.59	20.9925	14.31437	25.20	35.98	1.2	0.677472	15.0207	1.30144	806.28	1.04935	3.26	0
463	13:51:48.89	20.9950	14.31367	25.20	35.98	1.2	0.677442	15.0202	1.30144	806.30	1.04936	3.26	0
464	13:51:49.19	20.9905	14.31486	25.20	35.98	1.2	0.677496	15.0212	1.30144	806.28	1.04935	3.26	0
465	13:51:49.49	20.9905	14.31479	25.20	35.98	1.2	0.677490	15.0210	1.30144	806.28	1.04934	3.26	0
466	13:51:49.79	20.9930	14.31416	25.20	35.98	1.2	0.677460	15.0212	1.30148	806.30	1.04940	3.26	0
467	13:51:50.09	20.9915	14.31458	25.20	35.98	1.2	0.677484	15.0214	1.30148	806.30	1.04938	3.26	0
468	13:51:50.39	20.9900	14.31493	25.20	35.98	1.2	0.677502	15.0217	1.30148	806.30	1.04937	3.26	0
469	13:51:50.69	20.9930	14.31416	25.20	35.98	1.2	0.677460	15.0213	1.30148	806.30	1.04941	3.26	0
470	13:51:50.99	20.9975	14.31304	25.20	35.98	1.2	0.677412	15.0200	1.30148	806.30	1.04939	3.26	0
471	13:51:51.29	20.9960	14.31339	25.20	35.98	1.2	0.677430	15.0204	1.30148	806.30	1.04939	3.26	0
472	13:51:51.59	20.9945	14.31381	25.20	35.98	1.2	0.677448	15.0208	1.30148	806.30	1.04939	3.26	0
473	13:51:51.89	20.9940	14.31395	25.20	35.98	1.2	0.677454	15.0207	1.30148	806.28	1.04938	3.26	0
474	13:51:52.19	20.9915	14.31458	25.20	35.98	1.2	0.677484	15.0216	1.30148	806.30	1.04939	3.26	0
475	13:51:52.49	20.9885	14.31528	25.20	35.98	1.2	0.677514	15.0219	1.30148	806.30	1.04936	3.26	0
476	13:51:52.79	20.9910	14.31465	25.20	35.98	1.2	0.677484	15.0223	1.30152	806.32	1.04944	3.26	0
477	13:51:53.09	20.9885	14.31535	25.20	35.98	1.2	0.677520	15.0220	1.30148	806.30	1.04936	3.26	0
478	13:51:53.39	20.9895	14.31500	25.20	35.98	1.2	0.677502	15.0221	1.30148	806.30	1.04939	3.26	0
479	13:51:53.69	20.9880	14.31549	25.20	35.98	1.2	0.677526	15.0225	1.30148	806.30	1.04939	3.26	0
480	13:51:53.99	20.9860	14.31591	25.20	35.98	1.2	0.677544	15.0228	1.30148	806.30	1.04938	3.26	0
481	13:51:54.29	20.9900	14.31493	25.20	35.98	1.2	0.677502	15.0219	1.30148	806.30	1.04939	3.26	0
482	13:51:54.59	20.9900	14.31486	25.20	35.98	1.2	0.677496	15.0219	1.30148	806.30	1.04939	3.26	0
483	13:51:54.89	20.9920	14.31451	25.19	35.98	1.2	0.677478	15.0212	1.30148	806.30	1.04937	3.26	0
484	13:51:55.19	20.9960	14.31360	25.19	35.98	1.2	0.677430	15.0212	1.30152	806.32	1.04944	3.26	0
485	13:51:55.49	20.9915	14.31451	25.20	35.98	1.2	0.677478	15.0212	1.30148	806.30	1.04936	3.26	0
486	13:51:55.79	20.9905	14.31479	25.20	35.98	1.2	0.677490	15.0215	1.30148	806.30	1.04937	3.26	0
487	13:51:56.09	20.9910	14.31465	25.20	35.98	1.2	0.677484	15.0215	1.30148	806.30	1.04938	3.26	0
488	13:51:56.39	20.9915	14.31458	25.20	35.98	1.2	0.677484	15.0212	1.30148	806.30	1.04937	3.26	0
489	13:51:56.69	20.9930	14.31416	25.20	35.98	1.2	0.677466	15.0212	1.30148	806.30	1.04939	3.26	0
490	13:51:56.99	20.9915	14.31451	25.20	35.98	1.2	0.677478	15.0216	1.30152	806.30	1.04940	3.26	0
491	13:51:57.29	20.9920	14.31444	25.20	35.98	1.2	0.677472	15.0214	1.30148	806.30	1.04939	3.26	0
492	13:51:57.59	20.9905	14.31486	25.20	35.98	1.2	0.677496	15.0216	1.30148	806.30	1.04937	3.26	0
493	13:51:57.89	20.9930	14.31423	25.20	35.98	1.2	0.677466	15.0216	1.30152	806.32	1.04941	3.26	0
494	13:51:58.19	20.9915	14.31458	25.20	35.98	1.2	0.677484	15.0218	1.30148	806.32	1.04941	3.26	0
495	13:51:58.49	20.9895	14.31507	25.20	35.98	1.2	0.677508	15.0219	1.30148	806.30	1.04938	3.26	0
496	13:51:58.79	20.9915	14.31458	25.20	35.98	1.2	0.677484	15.0220	1.30152	806.30	1.04942	3.26	0
497	13:51:59.09	20.9885	14.31528	25.20	35.98	1.2	0.677514	15.0227	1.30152	806.30	1.04942	3.26	0
498	13:51:59.39	20.9860	14.31591	25.20	35.98	1.2	0.677544	15.0226	1.30148	806.30	1.04937	3.26	0
499	13:51:59.69	20.9870	14.31570	25.20	35.98	1.2	0.677532	15.0228	1.30148	806.32	1.04940	3.26	0
500	13:51:59.99	20.9855	14.31598	25.20	35.98	1.2	0.677550	15.0231	1.30148	806.30	1.04939	3.26	0
501	13:52:00.29	20.9870	14.31570	25.20	35.98	1.2	0.677532	15.0228	1.30148	806.30	1.04939	3.26	0
502	13:52:00.59	20.9905	14.31486	25.20	35.98	1.2	0.677496	15.0226	1.30152	806.32	1.04944	3.26	0
503	13:52:00.89	20.9885	14.31528	25.20	35.98	1.2	0.677514	15.0230	1.30152	806.32	1.04943	3.26	0
504	13:52:01.19	20.9890	14.31514	25.20	35.98	1.2	0.677508	15.0224	1.30148	806.32	1.04941	3.26	0
505	13:52:01.49	20.9885	14.31528	25.20	35.98	1.2	0.677514	15.0224	1.30148	806.30	1.04940	3.26	0
506	13:52:01.79	20.9900	14.31493	25.20	35.98	1.2	0.677496	15.0223	1.30152	806.30	1.04941	3.26	0
507	13:52:02.09	20.9840	14.31647	25.19	35.98	1.2	0.677568	15.0233	1.30148	806.30	1.04937	3.26	0
508	13:52:02.39	20.9820	14.31696	25.19	35.98	1.2	0.677592	15.0240	1.30148	806.30	1.04939	3.26	0
509	13:52:02.69	20.9825	14.31675	25.20	35.98	1.2	0.677586	15.0242	1.30148	806.30	1.04941	3.26	0
510	13:52:02.99	20.9805	14.31724	25.20	35.98	1.2	0.677610	15.0242	1.30148	806.30	1.04938	3.26	0
511	13:52:03.29	20.9810	14.31724	25.19	35.98	1.2	0.677604	15.0247	1.30152	806.30	1.04941	3.26	0
512	13:52:03.59	20.9795	14.31759	25.19	35.98	1.2	0.677622	15.0252	1.30152	806.32	1.04942	3.26	0
513	13:52:03.89	20.9815	14.31696	25.20	35.98	1.2	0.677598	15.0245	1.30148	806.32	1.04942	3.26	0
514	13:52:04.19	20.9820	14.31689	25.20	35.98	1.2	0.677592	15.0237	1.30148	806.30	1.04938	3.26	0
515	13:52:04.49	20.9865	14.31584	25.20	35.98	1.2	0.677544	15.0228	1.30148	806.30	1.04938	3.26	0
516	13:52:04.79	20.9860	14.31584	25.20	35.98	1.2	0.677544	15.0231	1.30148	806.32	1.04941	3.26	0
517	13:52:05.09	20.9870	14.31570	25.20	35.98	1.2	0.677532	15.0235	1.30152	806.32	1.04944	3.26	0
518	13:52:05.39	20.9850	14.31619	25.20	35.98	1.2	0.677556	15.0235	1.30148	806.30	1.04941	3.26	0
519	13:52:05.69	20.9840	14.31647	25.20	35.98	1.2	0.677574	15.0240	1.30152	806.30	1.04942	3.26	0
520	13:52:05.99	20.9830	14.31668	25.20	35.98	1.2	0.677580	15.0240	1.30152	806.30	1.04941	3.26	0
521	13:52:06.29	20.9815	14.31703	25.20	35.98	1.2	0.677598	15.0246	1.30152	806.32	1.04942	3.26	0
522	13:52:06.59	20.9800	14.31745	25.20	35.98	1.2	0.677616	15.0243	1.30148	806.30	1.04937	3.26	0
523	13:52:06.89	20.9840	14.31647	25.20	35.98	1.2	0.677574	15.0241	1.30152	806.32	1.04943	3.26	0
524	13:52:07.19	20.9830	14.31661	25.20	35.98	1.2	0.677580	15.0237	1.30148	806.30	1.04939	3.26	0
525	13:52:07.49	20.9860	14.31598	25.20	35.98	1.2	0.677550	15.0236	1.30152	806.32	1.04943	3.26	0
526	13:52:07.79	20.9850	14.31619	25.20	35.98	1.2	0.677556	15.0236	1.30152	806.30	1.04941	3.26	0
527	13:52:08.09	20.9815	14.31703	25.20	35.98	1.2	0.677598	15.0240	1.30148	806.30	1.04938	3.26	0
528	13:52:08.39	20.9835	14.31654	25.20	35.98	1.2	0.677574	15.0240	1.30148	806.32	1.04941	3.26	0
529	13:52:08.69	20.9830	14.31661	25.20	35.98	1.2	0.677580	15.0242	1.30152	806.32	1.04942	3.26	0
530	13:52:08.99	20.9840	14.31647	25.20	35.98	1.2	0.677574	15.0237	1.30148	806.30	1.04940	3.26	0
531	13:52:09.29	20.9800	14.31752	25.19	35.98	1.2	0.677616	15.0250	1.30148	806.32	1.04942	3.26	0
532	13:52:09.59	20.9810	14.31724	25.19	35.98	1.2	0.677604	15.0250	1.30152	806.32	1.04944	3.26	0
533	13:52:09.89	20.9790	14.31766	25.20	35.98	1.2	0.677628	15.0254	1.30152	806.32	1.04943	3.26	0
534	13:52:10.19	20.9740	14.31892	25.20	35.98	1.2	0.677688	15.0266	1.30152	806.32	1.04942	3.26	0
535	13:52:10.49	20.9695	14.31997	25.20	35.98	1.2	0.677736	15.0282	1.30152	806.34	1.04945	3.26	0
536	13:52:10.79	20.9720	14.31934	25.20	35.98	1.2	0.677706	15.0270	1.30148	806.32	1.04942	3.26	0
537	13:52:11.09	20.9715	14.31948	25.20	35.98	1.2	0.677712	15.0271	1.30152	806.32	1.04942	3.26	0
538	13:52:11.39	20.9705	14.31969	25.20	35.98	1.2	0.677724	15.0275	1.30152	806.32	1.04944	3.26	0
539	13:52:11.69	20.9735	14.31899	25.20	35.98	1.2	0.677688	15.0266	1.30152	806.32	1.04942	3.26	0
540	13:52:11.99	20.9720	14.31934	25.20	35.98	1.2	0.677706	15.0270	1.30148	806.32	1.04942	3.26	0
541	13:52:12.29	20.9725	14.31927	25.20	35.98	1.2	0.677706	15.0271	1.30152	806.32	1.04944	3.26	0
542	13:52:12.59	20.9720	14.31934	25.20	35.98	1.2	0.677706	15.0273	1.30152	806.32	1.04944	3.26	0
543	13:52:12.89	20.9695	14.32004	25.20	35.98	1.2	0.677742	15.0278	1.30152	806.32	1.04943	3.26	0
544	13:52:13.19	20.9685	14.32025	25.20	35.98	1.2	0.677748	15.0277	1.30148	806.30	1.04941	3.26	0
545	13:52:13.49	20.9700	14.31990	25.20	35.98	1.2	0.677736	15.0273	1.30148	806.30	1.04940	3.26	0
546	13:52:13.79	20.9720	14.31934	25.20	35.98	1.2	0.677706	15.0272	1.30152	806.32	1.04944	3.26	0
547	13:52:14.09	20.9730	14.31913	25.20	35.98	1.2	0.677700	15.0272	1.30152	806.32	1.04945	3.26	0
548	13:52:14.39	20.9725	14.31920	25.20	35.98	1.2	0.677700	15.0268	1.30152	806.30	1.04941	3.26	0
549	13:52:14.69	20.9745	14.31878	25.20	35.98	1.2	0.677682	15.0269	1.30152	806.34	1.04945	3.26	0
550	13:52:14.99	20.9690	14.32011	25.20	35.98	1.2	0.677742	15.0275	1.30148	806.32	1.04940	3.26	0
551	13:52:15.29	20.9700	14.31983	25.20	35.98	1.2	0.677730	15.0277	1.30152	806.32	1.04943	3.26	0
552	13:52:15.59	20.9675	14.32053	25.20	35.98	1.2	0.677766	15.0283	1.30148	806.32	1.04942	3.26	0
553	13:52:15.89	20.9685	14.32018	25.20	35.98	1.2	0.677748	15.0274	1.30148	806.30	1.04939	3.26	0
554	13:52:16.19	20.9720	14.31941	25.20	35.98	1.2	0.677712	15.0268	1.30148	806.32	1.04940	3.26	0
555	13:52:16.49	20.9735	14.31892	25.20	35.98	1.2	0.677688	15.0265	1.30148	806.32	1.04941	3.26	0
556	13:52:16.79	20.9780	14.31787	25.20	35.98	1.2	0.677634	15.0261	1.30152	806.32	1.04947	3.26	0
557	13:52:17.09	20.9765	14.31822	25.20	35.98	1.2	0.677652	15.0260	1.30148	806.32	1.04944	3.26	0
558	13:52:17.39	20.9755	14.31850	25.20	35.98	1.2	0.677664	15.0264	1.30152	806.32	1.04944	3.26	0
559	13:52:17.69	20.9725	14.31927	25.20	35.98	1.2	0.677706	15.0268	1.30148	806.32	1.04941	3.26	0
560	13:52:17.99	20.9755	14.31857	25.20	35.98	1.2	0.677670	15.0259	1.30152	806.30	1.04941	3.26	0
561	13:52:18.29	20.9735	14.31892	25.20	35.98	1.2	0.677688	15.0261	1.30148	806.30	1.04939	3.26	0
562	13:52:18.59	20.9745	14.31871	25.20	35.98	1.2	0.677676	15.0256	1.30144	806.30	1.04936	3.26	0
563	13:52:18.89	20.9790	14.31766	25.20	35.98	1.2	0.677628	15.0252	1.30152	806.32	1.04942	3.26	0
564	13:52:19.19	20.9755	14.31857	25.20	35.98	1.2	0.677670	15.0255	1.30148	806.30	1.04938	3.26	0
565	13:52:19.49	20.9710	14.31962	25.20	35.98	1.2	0.677718	15.0266	1.30148	806.30	1.04937	3.26	0
566	13:52:19.79	20.9665	14.32067	25.20	35.98	1.2	0.677772	15.0279	1.30148	806.32	1.04939	3.26	0
567	13:52:20.09	20.9690	14.32011	25.20	35.98	1.2	0.677742	15.0274	1.30148	806.30	1.04939	3.26	0
568	13:52:20.39	20.9680	14.32039	25.20	35.98	1.2	0.677754	15.0282	1.30148	806.32	1.04942	3.26	0
569	13:52:20.69	20.9675	14.32046	25.20	35.98	1.2	0.677760	15.0278	1.30148	806.30	1.04939	3.26	0
570	13:52:20.99	20.9680	14.32039	25.20	35.98	1.2	0.677760	15.0274	1.30148	806.30	1.04937	3.26	0
571	13:52:21.29	20.9655	14.32088	25.20	35.98	1.2	0.677784	15.0281	1.30148	806.30	1.04938	3.26	0
572	13:52:21.59	20.9655	14.32102	25.20	35.98	1.2	0.677784	15.0278	1.30148	806.30	1.04936	3.26	0
573	13:52:21.89	20.9635	14.32137	25.20	35.98	1.2	0.677802	15.0283	1.30148	806.28	1.04936	3.26	0
574	13:52:22.19	20.9625	14.32165	25.20	35.98	1.2	0.677820	15.0288	1.30148	806.30	1.04938	3.26	0
575	13:52:22.49	20.9630	14.32158	25.20	35.98	1.2	0.677814	15.0286	1.30148	806.30	1.04937	3.26	0
576	13:52:22.79	20.9585	14.32263	25.20	35.98	1.2	0.677862	15.0298	1.30148	806.30	1.04938	3.26	0
577	13:52:23.09	20.9595	14.32242	25.20	35.98	1.2	0.677856	15.0299	1.30148	806.30	1.04940	3.26	0
578	13:52:23.39	20.9535	14.32396	25.20	35.98	1.2	0.677928	15.0314	1.30148	806.32	1.04939	3.26	0
579	13:52:23.69	20.9570	14.32305	25.20	35.98	1.2	0.677886	15.0311	1.30152	806.32	1.04943	3.26	0
580	13:52:23.99	20.9570	14.32305	25.20	35.98	1.2	0.677880	15.0307	1.30148	806.30	1.04941	3.26	0
581	13:52:24.29	20.9550	14.32361	25.20	35.98	1.2	0.677910	15.0301	1.30144	806.28	1.04933	3.26	0
582	13:52:24.59	20.9565	14.32319	25.20	35.98	1.2	0.677892	15.0310	1.30148	806.32	1.04941	3.26	0
583	13:52:24.89	20.9545	14.32368	25.20	35.98	1.2	0.677916	15.0304	1.30144	806.28	1.04933	3.26	0
584	13:52:25.19	20.9580	14.32277	25.20	35.98	1.2	0.677868	15.0304	1.30148	806.32	1.04941	3.26	0
585	13:52:25.49	20.9580	14.32277	25.20	35.98	1.2	0.677868	15.0301	1.30148	806.30	1.04939	3.26	0
586	13:52:25.79	20.9590	14.32256	25.20	35.98	1.2	0.677862	15.0298	1.30148	806.30	1.04938	3.26	0
587	13:52:26.09	20.9645	14.32116	25.20	35.98	1.2	0.677796	15.0291	1.30152	806.32	1.04944	3.26	0
588	13:52:26.39	20.9645	14.32123	25.20	35.98	1.2	0.677796	15.0288	1.30148	806.32	1.04941	3.26	0
589	13:52:26.69	20.9635	14.32144	25.20	35.98	1.2	0.677808	15.0297	1.30152	806.32	1.04945	3.26	0
590	13:52:26.99	20.9625	14.32165	25.20	35.98	1.2	0.677814	15.0291	1.30148	806.30	1.04939	3.26	0
591	13:52:27.29	20.9600	14.32235	25.20	35.98	1.2	0.677850	15.0303	1.30148	806.32	1.04942	3.26	0
592	13:52:27.59	20.9615	14.32186	25.20	35.98	1.2	0.677826	15.0300	1.30152	806.32	1.04944	3.26	0
593	13:52:27.89	20.9595	14.32235	25.20	35.98	1.2	0.677850	15.0298	1.30148	806.30	1.04939	3.26	0
594	13:52:28.19	20.9590	14.32256	25.20	35.98	1.2	0.677862	15.0299	1.30148	806.30	1.04939	3.26	0
595	13:52:28.49	20.9550	14.32347	25.20	35.98	1.2	0.677904	15.0306	1.30148	806.30	1.04936	3.26	0
596	13:52:28.79	20.9570	14.32305	25.20	35.98	1.2	0.677886	15.0307	1.30148	806.30	1.04940	3.26	0
597	13:52:29.09	20.9560	14.32333	25.20	35.98	1.2	0.677898	15.0305	1.30148	806.30	1.04937	3.26	0
598	13:52:29.39	20.9575	14.32298	25.20	35.98	1.2	0.677880	15.0304	1.30148	806.30	1.04939	3.26	0
599	13:52:29.69	20.9580	14.32277	25.20	35.98	1.2	0.677868	15.0300	1.30148	806.30	1.04938	3.26	0
600	13:52:29.99	20.9585	14.32270	25.20	35.98	1.2	0.677868	15.0303	1.30148	806.30	1.04941	3.26	0
601	13:52:30.29	20.9590	14.32256	25.20	35.98	1.2	0.677862	15.0300	1.30148	806.30	1.04939	3.26	0
602	13:52:30.59	20.9570	14.32305	25.20	35.98	1.2	0.677880	15.0305	1.30148	806.32	1.04940	3.26	0
603	13:52:30.89	20.9550	14.32347	25.20	35.98	1.2	0.677904	15.0314	1.30148	806.32	1.04942	3.26	0
604	13:52:31.19	20.9535	14.32396	25.20	35.98	1.2	0.677928	15.0310	1.30144	806.30	1.04936	3.26	0
605	13:52:31.49	20.9570	14.32305	25.20	35.98	1.2	0.677886	15.0305	1.30148	806.30	1.04939	3.26	0
606	13:52:31.79	20.9550	14.32347	25.20	35.98	1.2	0.677904	15.0317	1.30152	806.32	1.04944	3.26	0
607	13:52:32.09	20.9535	14.32382	25.20	35.98	1.2	0.677922	15.0311	1.30148	806.30	1.04938	3.26	0
608	13:52:32.39	20.9515	14.32438	25.20	35.98	1.2	0.677946	15.0314	1.30144	806.30	1.04936	3.26	0
609	13:52:32.69	20.9530	14.32403	25.20	35.98	1.2	0.677928	15.0318	1.30148	806.32	1.04941	3.26	0
610	13:52:32.99	20.9510	14.32452	25.20	35.98	1.2	0.677952	15.0323	1.30148	806.32	1.04941	3.26	0
611	13:52:33.29	20.9495	14.32487	25.20	35.98	1.2	0.677970	15.0324	1.30148	806.32	1.04939	3.26	0
612	13:52:33.59	20.9490	14.32501	25.20	35.98	1.2	0.677976	15.0330	1.30148	806.32	1.04942	3.26	0
613	13:52:33.89	20.9505	14.32459	25.21	35.98	1.2	0.677958	15.0321	1.30148	806.32	1.04939	3.26	0
614	13:52:34.19	20.9505	14.32452	25.21	35.98	1.2	0.677958	15.0320	1.30148	806.32	1.04939	3.26	0
615	13:52:34.49	20.9500	14.32480	25.20	35.98	1.2	0.677964	15.0320	1.30144	806.30	1.04937	3.26	0
616	13:52:34.79	20.9525	14.32424	25.20	35.98	1.2	0.677940	15.0317	1.30148	806.30	1.04939	3.26	0
617	13:52:35.09	20.9485	14.32508	25.20	35.98	1.2	0.677982	15.0329	1.30148	806.32	1.04941	3.26	0
618	13:52:35.39	20.9505	14.32459	25.20	35.98	1.2	0.677958	15.0326	1.30148	806.32	1.04942	3.26	0
619	13:52:35.69	20.9460	14.32571	25.20	35.98	1.2	0.678006	15.0329	1.30148	806.30	1.04937	3.26	0
620	13:52:35.99	20.9470	14.32550	25.20	35.98	1.2	0.678000	15.0332	1.30148	806.32	1.04940	3.26	0
621	13:52:36.29	20.9470	14.32550	25.20	35.98	1.2	0.678000	15.0335	1.30152	806.32	1.04942	3.26	0
622	13:52:36.59	20.9465	14.32564	25.20	35.98	1.2	0.678006	15.0335	1.30148	806.32	1.04941	3.26	0
623	13:52:36.89	20.9465	14.32564	25.20	35.98	1.2	0.678006	15.0333	1.30148	806.32	1.04940	3.26	0
624	13:52:37.19	20.9445	14.32613	25.20	35.98	1.2	0.678030	15.0335	1.30144	806.32	1.04938	3.26	0
625	13:52:37.49	20.9470	14.32550	25.20	35.98	1.2	0.678000	15.0329	1.30148	806.30	1.04938	3.26	0
626	13:52:37.79	20.9460	14.32571	25.20	35.98	1.2	0.678006	15.0326	1.30144	806.30	1.04935	3.26	0
627	13:52:38.09	20.9490	14.32501	25.20	35.98	1.2	0.677976	15.0322	1.30144	806.30	1.04937	3.26	0
628	13:52:38.39	20.9500	14.32473	25.20	35.98	1.2	0.677964	15.0317	1.30144	806.30	1.04935	3.26	0
629	13:52:38.69	20.9500	14.32480	25.20	35.98	1.2	0.677964	15.0318	1.30144	806.30	1.04936	3.26	0
630	13:52:38.99	20.9510	14.32452	25.20	35.98	1.2	0.677952	15.0321	1.30148	806.32	1.04940	3.26	0
631	13:52:39.29	20.9495	14.32480	25.20	35.98	1.2	0.677970	15.0326	1.30148	806.32	1.04941	3.26	0
632	13:52:39.59	20.9500	14.32480	25.20	35.98	1.2	0.677970	15.0324	1.30148	806.32	1.04939	3.26	0
633	13:52:39.89	20.9500	14.32480	25.20	35.98	1.2	0.677964	15.0325	1.30148	806.32	1.04941	3.26	0
634	13:52:40.19	20.9515	14.32438	25.20	35.98	1.2	0.677946	15.0318	1.30148	806.30	1.04938	3.26	0
635	13:52:40.49	20.9505	14.32459	25.20	35.98	1.2	0.677958	15.0326	1.30152	806.32	1.04943	3.26	0
636	13:52:40.79	20.9490	14.32494	25.20	35.98	1.2	0.677976	15.0328	1.30148	806.32	1.04942	3.26	0
637	13:52:41.09	20.9485	14.32515	25.20	35.98	1.2	0.677982	15.0324	1.30148	806.30	1.04938	3.26	0
638	13:52:41.39	20.9490	14.32508	25.20	35.98	1.2	0.677976	15.0333	1.30152	806.34	1.04945	3.26	0
639	13:52:41.69	20.9495	14.32487	25.20	35.98	1.2	0.677970	15.0331	1.30152	806.32	1.04944	3.26	0
640	13:52:41.99	20.9475	14.32536	25.20	35.98	1.2	0.677994	15.0329	1.30148	806.32	1.04939	3.26	0
641	13:52:42.29	20.9475	14.32536	25.20	35.98	1.2	0.677994	15.0328	1.30148	806.32	1.04939	3.26	0
642	13:52:42.59	20.9485	14.32508	25.20	35.98	1.2	0.677982	15.0328	1.30148	806.32	1.04941	3.26	0
643	13:52:42.89	20.9440	14.32627	25.20	35.98	1.2	0.678036	15.0341	1.30148	806.32	1.04941	3.26	0
644	13:52:43.19	20.9460	14.32571	25.20	35.98	1.2	0.678012	15.0337	1.30152	806.32	1.04942	3.26	0
645	13:52:43.49	20.9405	14.32704	25.21	35.98	1.2	0.678078	15.0347	1.30148	806.30	1.04939	3.26	0
646	13:52:43.79	20.9400	14.32711	25.21	35.95	1.2	0.678078	15.0351	1.30148	806.32	1.04942	3.26	0
647	13:52:44.09	20.9390	14.32753	25.20	35.95	1.1	0.678090	15.0356	1.30148	806.34	1.04942	3.26	0
648	13:52:44.39	20.9390	14.32739	25.20	35.98	1.2	0.678090	15.0353	1.30148	806.32	1.04941	3.26	0
649	13:52:44.69	20.9400	14.32718	25.20	35.98	1.2	0.678078	15.0351	1.30148	806.32	1.04941	3.26	0
650	13:52:44.99	20.9405	14.32711	25.20	35.98	1.2	0.678072	15.0354	1.30148	806.32	1.04944	3.26	0
651	13:52:45.29	20.9395	14.32732	25.20	35.98	1.2	0.678084	15.0351	1.30148	806.32	1.04940	3.26	0
652	13:52:45.59	20.9440	14.32627	25.20	35.98	1.2	0.678036	15.0347	1.30152	806.32	1.04945	3.26	0
653	13:52:45.89	20.9410	14.32690	25.21	35.98	1.2	0.678066	15.0349	1.30148	806.32	1.04942	3.26	0
654	13:52:46.19	20.9370	14.32788	25.21	35.98	1.2	0.678114	15.0355	1.30148	806.30	1.04939	3.26	0
655	13:52:46.49	20.9405	14.32711	25.20	35.98	1.2	0.678078	15.0352	1.30152	806.32	1.04942	3.26	0
656	13:52:46.79	20.9380	14.32767	25.20	35.98	1.2	0.678102	15.0359	1.30152	806.32	1.04943	3.26	0
657	13:52:47.09	20.9395	14.32725	25.21	35.98	1.2	0.678084	15.0352	1.30148	806.32	1.04941	3.26	0
658	13:52:47.39	20.9330	14.32893	25.21	35.98	1.2	0.678162	15.0365	1.30148	806.30	1.04938	3.26	0
659	13:52:47.69	20.9305	14.32956	25.20	35.98	1.2	0.678192	15.0368	1.30144	806.30	1.04936	3.26	0
660	13:52:47.99	20.9275	14.33026	25.20	35.98	1.2	0.678222	15.0375	1.30148	806.30	1.04936	3.26	0
661	13:52:48.29	20.9285	14.33005	25.20	35.98	1.2	0.678216	15.0377	1.30148	806.30	1.04938	3.26	0
662	13:52:48.59	20.9325	14.32900	25.20	35.98	1.2	0.678168	15.0368	1.30148	806.32	1.04940	3.26	0
663	13:52:48.89	20.9280	14.33019	25.20	35.98	1.2	0.678222	15.0384	1.30148	806.32	1.04942	3.26	0
664	13:52:49.19	20.9270	14.33033	25.20	35.98	1.2	0.678228	15.0383	1.30148	806.32	1.04940	3.26	0
665	13:52:49.49	20.9255	14.33075	25.20	35.98	1.2	0.678246	15.0391	1.30148	806.34	1.04943	3.26	0
666	13:52:49.79	20.9280	14.33012	25.20	35.98	1.2	0.678222	15.0381	1.30148	806.32	1.04940	3.26	0
667	13:52:50.09	20.9305	14.32956	25.20	35.98	1.2	0.678192	15.0383	1.30152	806.34	1.04946	3.26	0
668	13:52:50.39	20.9335	14.32879	25.20	35.98	1.2	0.678156	15.0373	1.30148	806.34	1.04944	3.26	0
669	13:52:50.69	20.9300	14.32963	25.21	35.98	1.2	0.678198	15.0376	1.30148	806.32	1.04941	3.26	0
670	13:52:50.99	20.9310	14.32935	25.21	35.98	1.2	0.678186	15.0377	1.30152	806.32	1.04944	3.26	0
671	13:52:51.29	20.9300	14.32963	25.20	35.98	1.2	0.678198	15.0376	1.30148	806.32	1.04941	3.26	0
672	13:52:51.59	20.9295	14.32984	25.20	35.98	1.2	0.678204	15.0379	1.30148	806.32	1.04941	3.26	0
673	13:52:51.89	20.9280	14.33019	25.20	35.98	1.2	0.678222	15.0389	1.30152	806.34	1.04945	3.26	0
674	13:52:52.19	20.9240	14.33117	25.20	35.98	1.2	0.678270	15.0387	1.30144	806.30	1.04937	3.26	0
675	13:52:52.49	20.9235	14.33124	25.21	35.98	1.2	0.678276	15.0395	1.30148	806.32	1.04942	3.26	0
676	13:52:52.79	20.9250	14.33082	25.21	35.98	1.2	0.678252	15.0391	1.30148	806.32	1.04942	3.26	0
677	13:52:53.09	20.9260	14.33061	25.21	35.98	1.2	0.678246	15.0392	1.30148	806.34	1.04945	3.26	0
678	13:52:53.39	20.9270	14.33040	25.21	35.98	1.2	0.678234	15.0385	1.30148	806.32	1.04941	3.26	0
679	13:52:53.69	20.9280	14.33012	25.20	35.98	1.2	0.678216	15.0386	1.30152	806.32	1.04944	3.26	0
680	13:52:53.99	20.9300	14.32970	25.20	35.98	1.2	0.678198	15.0385	1.30152	806.34	1.04947	3.26	0
681	13:52:54.29	20.9225	14.33152	25.21	35.98	1.2	0.678288	15.0396	1.30148	806.32	1.04941	3.26	0
682	13:52:54.59	20.8835	14.34104	25.21	35.98	1.2	0.678738	15.0499	1.30148	806.34	1.04943	3.26	0
683	13:52:54.89	20.8800	14.34188	25.21	35.98	1.2	0.678780	15.0510	1.30152	806.34	1.04945	3.26	0
684	13:52:55.19	20.8785	14.34223	25.21	35.98	1.2	0.678792	15.0514	1.30148	806.34	1.04945	3.26	0
685	13:52:55.49	20.8825	14.34132	25.20	35.98	1.2	0.678744	15.0508	1.30152	806.34	1.04947	3.26	0
686	13:52:55.79	20.8840	14.34097	25.20	35.98	1.2	0.678732	15.0503	1.30152	806.34	1.04946	3.26	0
687	13:52:56.09	20.8745	14.34321	25.21	35.98	1.2	0.678840	15.0529	1.30152	806.36	1.04947	3.26	0
688	13:52:56.39	20.8615	14.34650	25.21	35.98	1.2	0.678996	15.0561	1.30152	806.34	1.04947	3.26	0
689	13:52:56.69	20.8555	14.34797	25.21	35.98	1.2	0.679062	15.0574	1.30148	806.34	1.04945	3.26	0
690	13:52:56.99	20.8555	14.34797	25.21	35.98	1.2	0.679062	15.0573	1.30148	806.34	1.04944	3.26	0
691	13:52:57.29	20.8590	14.34706	25.21	35.98	1.2	0.679020	15.0562	1.30148	806.34	1.04943	3.26	0
692	13:52:57.59	20.8590	14.34713	25.21	35.98	1.2	0.679026	15.0571	1.30152	806.36	1.04948	3.26	0
693	13:52:57.89	20.7295	14.37884	25.21	35.98	1.2	0.680526	15.0905	1.30152	806.36	1.04950	3.26	0
694	13:52:58.19	20.1575	14.51933	25.21	35.98	1.2	0.687180	15.2395	1.30148	806.46	1.04960	3.26	0
695	13:52:58.49	18.9515	14.82852	25.21	35.98	1.2	0.701808	15.5674	1.30148	806.64	1.04983	3.26	0
696	13:52:58.79	17.3285	15.25440	25.21	36.01	1.2	0.721968	16.0195	1.30148	806.88	1.05016	3.26	0
697	13:52:59.09	15.4070	15.78017	25.21	36.01	1.2	0.746850	16.5777	1.30148	807.18	1.05053	3.26	0
698	13:52:59.39	13.3490	16.37314	25.21	36.01	1.2	0.774918	17.2083	1.30148	807.54	1.05101	3.26	0
699	13:52:59.69	11.3840	16.97892	25.21	36.01	1.2	0.803586	17.8516	1.30144	807.86	1.05140	3.26	0
700	13:52:59.99	9.5925	17.56111	25.21	36.14	1.2	0.831150	18.4720	1.30148	808.22	1.05187	3.26	0
701	13:53:00.29	7.9515	18.09843	25.21	36.14	1.2	0.856578	19.0431	1.30148	808.48	1.05220	3.26	0
702	13:53:00.59	6.5945	18.56253	25.21	36.27	1.2	0.878556	19.5376	1.30148	808.72	1.05253	3.26	0
703	13:53:00.89	5.4265	18.97840	25.21	36.27	1.2	0.898236	19.9800	1.30144	808.94	1.05277	3.26	0
704	13:53:01.19	4.4675	19.33148	25.21	36.47	1.2	0.914958	20.3565	1.30144	809.12	1.05302	3.26	0
705	13:53:01.49	3.7195	19.61477	25.21	36.47	1.2	0.928368	20.6591	1.30148	809.28	1.05325	3.26	0
706	13:53:01.79	3.0340	19.87979	25.21	36.74	1.2	0.940932	20.9422	1.30148	809.42	1.05344	3.26	0
707	13:53:02.09	2.4740	20.10141	25.21	36.74	1.2	0.951420	21.1785	1.30148	809.52	1.05358	3.26	0
708	13:53:02.39	2.0225	20.28208	25.21	37.01	1.2	0.959988	21.3709	1.30144	809.62	1.05368	3.26	0
709	13:53:02.69	1.6545	20.43188	25.21	37.01	1.2	0.967080	21.5297	1.30140	809.68	1.05373	3.26	0
710	13:53:02.99	1.3605	20.55242	25.21	37.24	1.2	0.972804	21.6593	1.30144	809.76	1.05385	3.26	0
711	13:53:03.29	1.1200	20.65385	25.21	37.24	1.2	0.977604	21.7673	1.30144	809.80	1.05391	3.26	0
712	13:53:03.59	0.9265	20.73785	25.21	37.51	1.2	0.981600	21.8574	1.30144	809.84	1.05398	3.26	0
713	13:53:03.89	0.7795	20.80421	25.21	37.51	1.2	0.984738	21.9277	1.30144	809.88	1.05400	3.26	0
714	13:53:04.19	0.6515	20.85881	25.21	37.71	1.2	0.987336	21.9859	1.30144	809.90	1.05403	3.26	0
715	13:53:04.49	0.5530	20.90053	25.22	37.71	1.2	0.989316	22.0309	1.30144	809.92	1.05409	3.26	0
716	13:53:04.79	0.4595	20.93938	25.22	37.95	1.2	0.991176	22.0723	1.30144	809.94	1.05410	3.26	0
717	13:53:05.09	0.3900	20.96815	25.21	37.95	1.2	0.992532	22.1041	1.30148	809.98	1.05418	3.26	0
718	13:53:05.39	0.3310	20.99230	25.21	38.14	1.2	0.993690	22.1291	1.30148	809.96	1.05415	3.26	0
719	13:53:05.69	0.2835	21.01183	25.21	38.14	1.2	0.994614	22.1502	1.30144	810.00	1.05418	3.26	0
720	13:53:05.99	0.2445	21.02765	25.21	38.31	1.2	0.995370	22.1659	1.30144	809.98	1.05413	3.26	0
721	13:53:06.29	0.2125	21.04053	25.21	38.31	1.2	0.995982	22.1800	1.30144	810.00	1.05415	3.26	0
722	13:53:06.59	0.1850	21.05117	25.21	38.51	1.2	0.996498	22.1922	1.30148	810.00	1.05421	3.26	0
723	13:53:06.89	0.1655	21.05894	25.21	38.51	1.2	0.996870	22.2011	1.30148	810.04	1.05424	3.26	0
724	13:53:07.19	0.1465	21.06622	25.21	38.64	1.2	0.997224	22.2086	1.30148	810.04	1.05423	3.26	0
725	13:53:07.49	0.1300	21.07287	25.21	38.64	1.2	0.997536	22.2149	1.30144	810.02	1.05419	3.26	0
726	13:53:07.88	0.1195	21.07686	25.21	38.78	1.2	0.997740	22.2197	1.30148	810.02	1.05422	3.26	0
727	13:53:08.22	0.1110	21.08036	25.21	38.78	1.2	0.997902	22.2233	1.30148	810.02	1.05422	3.26	0
728	13:53:08.39	0.1005	21.08421	25.21	38.94	1.2	0.998100	22.2273	1.30144	810.04	1.05422	3.26	0
729	13:53:08.69	0.0945	21.08659	25.21	38.94	1.2	0.998208	22.2302	1.30148	810.04	1.05424	3.26	0
730	13:53:08.99	0.0860	21.08974	25.21	39.07	1.3	0.998370	22.2330	1.30144	810.04	1.05421	3.26	0
731	13:53:09.29	0.0855	21.09002	25.21	39.07	1.3	0.998382	22.2339	1.30144	810.04	1.05424	3.26	0
